0, 0. 0.;
50, 0. 0.;
100, 0. 0.;
150, 0.3 0.11;
200, 0.3 0.11;
250, 0.31 0.24;
300, 0.31 0.24;
350, 0.3 0.28;
400, 0.3 0.28;
450, 0.31 0.32;
500, 0.31 0.32;
550, 0.31 0.35;
600, 0.31 0.35;
650, 0.31 0.39;
700, 0.31 0.39;
750, 0.31 0.42;
800, 0.31 0.45;
850, 0.31 0.45;
900, 0.31 0.45;
950, 0.31 0.45;
1000, 0.3 0.46;
1050, 0.3 0.46;
1100, 0.31 0.47;
1150, 0.31 0.47;
1200, 0.3 0.48;
1250, 0.3 0.48;
1300, 0.31 0.48;
1350, 0.31 0.48;
1400, 0.3 0.49;
1450, 0.31 0.5;
1500, 0.31 0.5;
1550, 0.31 0.51;
1600, 0.31 0.51;
1650, 0.31 0.52;
1700, 0.31 0.52;
1750, 0.31 0.52;
1800, 0.31 0.52;
1850, 0.31 0.53;
1900, 0.31 0.53;
1950, 0.31 0.54;
2000, 0.31 0.54;
2050, 0.31 0.54;
2100, 0.31 0.54;
2150, 0.31 0.54;
2200, 0.31 0.54;
2250, 0.31 0.54;
2300, 0.31 0.55;
2350, 0.31 0.55;
2400, 0.31 0.55;
2450, 0.31 0.55;
2500, 0.31 0.55;
2550, 0.31 0.55;
2600, 0.3 0.55;
2650, 0.3 0.55;
2700, 0.31 0.56;
2750, 0.3 0.56;
2800, 0.3 0.56;
2850, 0.29 0.53;
2900, 0.29 0.53;
2950, 0.3 0.48;
3000, 0.3 0.48;
3050, 0.31 0.41;
3100, 0.31 0.41;
3150, 0.26 0.38;
3200, 0.26 0.38;
3250, 0.26 0.41;
3300, 0.26 0.41;
3350, 0.26 0.43;
3400, 0.26 0.45;
3450, 0.26 0.45;
3500, 0.26 0.47;
3550, 0.26 0.47;
3600, 0.26 0.49;
3650, 0.26 0.49;
3700, 0.26 0.5;
3750, 0.26 0.5;
3800, 0.26 0.5;
3850, 0.26 0.5;
3900, 0.26 0.51;
3950, 0.26 0.51;
4000, 0.26 0.52;
4050, 0.26 0.52;
4100, 0.26 0.52;
4150, 0.26 0.53;
4200, 0.26 0.53;
4250, 0.26 0.54;
4300, 0.26 0.54;
4350, 0.26 0.54;
4400, 0.26 0.54;
4450, 0.26 0.55;
4500, 0.26 0.55;
4550, 0.26 0.55;
4600, 0.26 0.55;
4650, 0.26 0.53;
4700, 0.24 0.51;
4750, 0.24 0.51;
4800, 0.25 0.52;
4850, 0.25 0.52;
4900, 0.24 0.52;
4950, 0.24 0.52;
5000, 0.25 0.53;
5050, 0.25 0.53;
5100, 0.24 0.53;
5150, 0.24 0.53;
5200, 0.25 0.53;
5250, 0.25 0.53;
5300, 0.24 0.54;
5350, 0.25 0.54;
5400, 0.25 0.54;
5450, 0.25 0.54;
5500, 0.25 0.54;
5550, 0.25 0.55;
5600, 0.25 0.55;
5650, 0.25 0.55;
5700, 0.25 0.55;
5750, 0.25 0.56;
5800, 0.25 0.56;
5850, 0.25 0.56;
5900, 0.25 0.56;
5950, 0.25 0.56;
6000, 0.25 0.56;
6050, 0.25 0.56;
6100, 0.25 0.56;
6150, 0.25 0.56;
6200, 0.25 0.57;
6250, 0.25 0.57;
6300, 0.25 0.55;
6350, 0.25 0.55;
6400, 0.25 0.52;
6450, 0.25 0.52;
6500, 0.24 0.47;
6550, 0.24 0.47;
6600, 0.24 0.43;
6650, 0.34 0.4;
6700, 0.34 0.4;
6750, 0.35 0.44;
6800, 0.35 0.44;
6850, 0.34 0.46;
6900, 0.34 0.46;
6950, 0.35 0.49;
7000, 0.35 0.49;
7050, 0.34 0.51;
7100, 0.34 0.51;
7150, 0.35 0.53;
7200, 0.35 0.53;
7250, 0.34 0.54;
7300, 0.34 0.54;
7350, 0.35 0.54;
7400, 0.34 0.55;
7450, 0.34 0.55;
7500, 0.35 0.55;
7550, 0.35 0.55;
7600, 0.34 0.55;
7650, 0.34 0.55;
7700, 0.35 0.55;
7750, 0.35 0.55;
7800, 0.35 0.56;
7850, 0.35 0.56;
7900, 0.35 0.56;
7950, 0.35 0.56;
8000, 0.35 0.56;
8050, 0.35 0.56;
8100, 0.35 0.56;
8150, 0.36 0.56;
8200, 0.36 0.56;
8250, 0.35 0.57;
8300, 0.35 0.57;
8350, 0.36 0.57;
8400, 0.36 0.57;
8450, 0.35 0.57;
8500, 0.35 0.57;
8550, 0.35 0.57;
8600, 0.35 0.57;
8650, 0.35 0.57;
8700, 0.35 0.58;
8750, 0.35 0.58;
8800, 0.35 0.58;
8850, 0.35 0.58;
8900, 0.35 0.58;
8950, 0.35 0.58;
9000, 0.35 0.58;
9050, 0.35 0.58;
9100, 0.35 0.58;
9150, 0.35 0.58;
9200, 0.35 0.58;
9250, 0.35 0.58;
9300, 0.35 0.59;
9350, 0.35 0.57;
9400, 0.35 0.57;
9450, 0.35 0.53;
9500, 0.35 0.53;
9550, 0.35 0.5;
9600, 0.35 0.5;
9650, 0.35 0.44;
9700, 0.35 0.44;
9750, 0.35 0.37;
9800, 0.35 0.37;
9850, 0.3 0.37;
9900, 0.3 0.37;
9950, 0.29 0.41;
10000, 0.3 0.43;
10050, 0.3 0.43;
10100, 0.29 0.46;
10150, 0.29 0.46;
10200, 0.3 0.48;
10250, 0.3 0.48;
10300, 0.29 0.5;
10350, 0.29 0.5;
10400, 0.3 0.51;
10450, 0.3 0.51;
10500, 0.3 0.51;
10550, 0.3 0.51;
10600, 0.29 0.52;
10650, 0.3 0.53;
10700, 0.3 0.53;
10750, 0.29 0.53;
10800, 0.29 0.53;
10850, 0.3 0.54;
10900, 0.3 0.54;
10950, 0.29 0.55;
11000, 0.29 0.55;
11050, 0.3 0.55;
11100, 0.3 0.55;
11150, 0.29 0.56;
11200, 0.29 0.56;
11250, 0.29 0.56;
11300, 0.29 0.56;
11350, 0.29 0.56;
11400, 0.3 0.56;
11450, 0.3 0.56;
11500, 0.31 0.56;
11550, 0.31 0.56;
11600, 0.31 0.56;
11650, 0.31 0.56;
11700, 0.31 0.56;
11750, 0.31 0.56;
11800, 0.31 0.56;
11850, 0.31 0.56;
11900, 0.31 0.56;
11950, 0.31 0.56;
12000, 0.31 0.56;
12050, 0.31 0.56;
12100, 0.31 0.56;
12150, 0.31 0.56;
12200, 0.31 0.56;
12250, 0.31 0.56;
12300, 0.31 0.56;
12350, 0.32 0.56;
12400, 0.32 0.56;
12450, 0.31 0.56;
12500, 0.31 0.56;
12550, 0.32 0.56;
12600, 0.31 0.56;
12650, 0.31 0.56;
12700, 0.32 0.56;
12750, 0.32 0.56;
12800, 0.32 0.56;
12850, 0.32 0.56;
12900, 0.31 0.56;
12950, 0.31 0.56;
13000, 0.32 0.56;
13050, 0.32 0.56;
13100, 0.31 0.57;
13150, 0.31 0.57;
13200, 0.31 0.57;
13250, 0.31 0.57;
13300, 0.31 0.57;
13350, 0.31 0.57;
13400, 0.31 0.57;
13450, 0.32 0.55;
13500, 0.32 0.55;
13550, 0.31 0.51;
13600, 0.31 0.51;
13650, 0.31 0.47;
13700, 0.31 0.47;
13750, 0.31 0.44;
13800, 0.31 0.44;
13850, 0.31 0.41;
13900, 0.31 0.31;
13950, 0.31 0.31;
14000, 0. 0.;
14050, 0. 0.;
14100, 0. 0.;
14150, 0. 0.;
14200, 0. 0.;
14250, 0. 0.;
14300, 0. 0.;
14350, 0. 0.;
14400, 0. 0.;
14450, 0. 0.;
14500, 0. 0.;
14550, 0. 0.;
14600, 0. 0.;
14650, 0.26 0.19;
14700, 0.26 0.19;
14750, 0.26 0.39;
14800, 0.26 0.39;
14850, 0.26 0.44;
14900, 0.26 0.44;
14950, 0.26 0.47;
15000, 0.26 0.47;
15050, 0.26 0.5;
15100, 0.26 0.5;
15150, 0.26 0.52;
15200, 0.26 0.53;
15250, 0.26 0.53;
15300, 0.26 0.55;
15350, 0.26 0.55;
15400, 0.26 0.55;
15450, 0.26 0.55;
15500, 0.26 0.55;
15550, 0.26 0.55;
15600, 0.26 0.55;
15650, 0.26 0.55;
15700, 0.26 0.56;
15750, 0.26 0.56;
15800, 0.26 0.56;
15850, 0.26 0.56;
15900, 0.26 0.56;
15950, 0.26 0.56;
16000, 0.26 0.56;
16050, 0.25 0.56;
16100, 0.25 0.56;
16150, 0.25 0.56;
16200, 0.25 0.56;
16250, 0.24 0.56;
16300, 0.24 0.56;
16350, 0.25 0.56;
16400, 0.25 0.56;
16450, 0.24 0.56;
16500, 0.25 0.56;
16550, 0.25 0.56;
16600, 0.24 0.56;
16650, 0.24 0.56;
16700, 0.25 0.57;
16750, 0.25 0.57;
16800, 0.24 0.57;
16850, 0.24 0.57;
16900, 0.25 0.57;
16950, 0.25 0.57;
17000, 0.24 0.57;
17050, 0.24 0.57;
17100, 0.25 0.57;
17150, 0.24 0.57;
17200, 0.24 0.57;
17250, 0.25 0.57;
17300, 0.25 0.57;
17350, 0.24 0.57;
17400, 0.24 0.57;
17450, 0.25 0.57;
17500, 0.25 0.57;
17550, 0.25 0.54;
17600, 0.25 0.54;
17650, 0.25 0.52;
17700, 0.25 0.52;
17750, 0.24 0.48;
17800, 0.24 0.45;
17850, 0.24 0.45;
17900, 0.24 0.41;
17950, 0.24 0.41;
18000, 0.41 0.42;
18050, 0.41 0.42;
18100, 0.41 0.44;
18150, 0.41 0.44;
18200, 0.41 0.46;
18250, 0.41 0.46;
18300, 0.4 0.48;
18350, 0.4 0.48;
18400, 0.41 0.49;
18450, 0.41 0.5;
18500, 0.41 0.5;
18550, 0.42 0.51;
18600, 0.42 0.51;
18650, 0.41 0.51;
18700, 0.41 0.51;
18750, 0.41 0.51;
18800, 0.41 0.51;
18850, 0.42 0.51;
18900, 0.42 0.51;
18950, 0.41 0.52;
19000, 0.41 0.52;
19050, 0.42 0.52;
19100, 0.41 0.52;
19150, 0.41 0.52;
19200, 0.42 0.53;
19250, 0.42 0.53;
19300, 0.41 0.53;
19350, 0.41 0.53;
19400, 0.42 0.53;
19450, 0.42 0.53;
19500, 0.42 0.53;
19550, 0.42 0.53;
19600, 0.41 0.54;
19650, 0.41 0.54;
19700, 0.42 0.54;
19750, 0.41 0.54;
19800, 0.41 0.54;
19850, 0.42 0.55;
19900, 0.42 0.55;
19950, 0.42 0.55;
20000, 0.42 0.55;
20050, 0.42 0.55;
20100, 0.42 0.55;
20150, 0.42 0.56;
20200, 0.42 0.56;
20250, 0.42 0.56;
20300, 0.42 0.56;
20350, 0.42 0.56;
20400, 0.41 0.56;
20450, 0.41 0.56;
20500, 0.43 0.57;
20550, 0.43 0.57;
20600, 0.41 0.57;
20650, 0.41 0.57;
20700, 0.41 0.56;
20750, 0.41 0.56;
20800, 0.39 0.55;
20850, 0.39 0.55;
20900, 0.4 0.54;
20950, 0.4 0.54;
21000, 0.39 0.54;
21050, 0.39 0.55;
21100, 0.39 0.55;
21150, 0.4 0.55;
21200, 0.4 0.55;
21250, 0.39 0.55;
21300, 0.39 0.55;
21350, 0.39 0.55;
21400, 0.39 0.55;
21450, 0.4 0.55;
21500, 0.4 0.55;
21550, 0.39 0.56;
21600, 0.39 0.56;
21650, 0.4 0.56;
21700, 0.39 0.56;
21750, 0.39 0.56;
21800, 0.4 0.56;
21850, 0.4 0.56;
21900, 0.39 0.56;
21950, 0.39 0.56;
22000, 0.39 0.56;
22050, 0.39 0.56;
22100, 0.4 0.56;
22150, 0.4 0.56;
22200, 0.39 0.57;
22250, 0.39 0.57;
22300, 0.4 0.57;
22350, 0.39 0.57;
22400, 0.39 0.57;
22450, 0.4 0.57;
22500, 0.4 0.57;
22550, 0.39 0.57;
22600, 0.39 0.57;
22650, 0.39 0.57;
22700, 0.39 0.57;
22750, 0.39 0.54;
22800, 0.39 0.54;
22850, 0.39 0.52;
22900, 0.39 0.52;
22950, 0.39 0.46;
23000, 0.39 0.4;
23050, 0.39 0.4;
23100, 0.46 0.38;
23150, 0.46 0.38;
23200, 0.46 0.41;
23250, 0.46 0.41;
23300, 0.46 0.43;
23350, 0.46 0.43;
23400, 0.46 0.45;
23450, 0.46 0.45;
23500, 0.47 0.47;
23550, 0.47 0.47;
23600, 0.46 0.49;
23650, 0.47 0.49;
23700, 0.47 0.49;
23750, 0.46 0.49;
23800, 0.46 0.49;
23850, 0.47 0.5;
23900, 0.47 0.5;
23950, 0.46 0.5;
24000, 0.46 0.5;
24050, 0.47 0.51;
24100, 0.47 0.51;
24150, 0.46 0.51;
24200, 0.46 0.51;
24250, 0.47 0.51;
24300, 0.46 0.51;
24350, 0.46 0.51;
24400, 0.47 0.52;
24450, 0.47 0.52;
24500, 0.46 0.52;
24550, 0.46 0.52;
24600, 0.47 0.53;
24650, 0.47 0.53;
24700, 0.46 0.53;
24750, 0.46 0.53;
24800, 0.48 0.54;
24850, 0.48 0.54;
24900, 0.46 0.54;
24950, 0.47 0.54;
25000, 0.47 0.54;
25050, 0.46 0.54;
25100, 0.46 0.54;
25150, 0.47 0.55;
25200, 0.47 0.55;
25250, 0.46 0.55;
25300, 0.46 0.55;
25350, 0.47 0.55;
25400, 0.47 0.55;
25450, 0.46 0.55;
25500, 0.46 0.55;
25550, 0.47 0.56;
25600, 0.45 0.56;
25650, 0.45 0.56;
25700, 0.47 0.56;
25750, 0.47 0.56;
25800, 0.45 0.54;
25850, 0.45 0.54;
25900, 0.47 0.52;
25950, 0.47 0.52;
26000, 0.45 0.46;
26050, 0.45 0.46;
26100, 0.47 0.38;
26150, 0.47 0.38;
26200, 0. 0.;
26250, 0. 0.;
26300, 0. 0.;
26350, 0. 0.;
26400, 0. 0.;
26450, 0. 0.;
26500, 0. 0.;
26550, 0. 0.;
26600, 0. 0.;
26650, 0. 0.;
26700, 0. 0.;
26750, 0. 0.;
26800, 0. 0.;
26850, 0. 0.;
26900, 0. 0.;
26950, 0. 0.;
27000, 0. 0.;
27050, 0. 0.;
27100, 0. 0.;
27150, 0. 0.;
27200, 0. 0.;
27250, 0. 0.;
27300, 0. 0.;
27350, 0. 0.;
27400, 0. 0.;
27450, 0. 0.;
27500, 0. 0.;
27550, 0. 0.;
27600, 0. 0.;
27650, 0. 0.;
27700, 0. 0.;
27750, 0. 0.;
27800, 0. 0.;
27850, 0.67 0.15;
27900, 0.67 0.15;
27950, 0.68 0.29;
28000, 0.68 0.29;
28050, 0.68 0.33;
28100, 0.68 0.33;
28150, 0.69 0.36;
28200, 0.67 0.38;
28250, 0.67 0.38;
28300, 0.69 0.4;
28350, 0.69 0.4;
28400, 0.67 0.42;
28450, 0.67 0.42;
28500, 0.69 0.43;
28550, 0.69 0.43;
28600, 0.68 0.43;
28650, 0.68 0.43;
28700, 0.67 0.44;
28750, 0.67 0.44;
28800, 0.69 0.44;
28850, 0.67 0.44;
28900, 0.67 0.44;
28950, 0.69 0.44;
29000, 0.69 0.44;
29050, 0.67 0.44;
29100, 0.67 0.44;
29150, 0.69 0.45;
29200, 0.69 0.45;
29250, 0.66 0.45;
29300, 0.66 0.45;
29350, 0.69 0.45;
29400, 0.69 0.45;
29450, 0.67 0.45;
29500, 0.68 0.46;
29550, 0.68 0.46;
29600, 0.68 0.46;
29650, 0.68 0.46;
29700, 0.68 0.46;
29750, 0.68 0.46;
29800, 0.69 0.47;
29850, 0.69 0.47;
29900, 0.67 0.47;
29950, 0.67 0.47;
30000, 0.7 0.48;
30050, 0.7 0.48;
30100, 0.67 0.48;
30150, 0.69 0.48;
30200, 0.69 0.48;
30250, 0.67 0.48;
30300, 0.67 0.48;
30350, 0.69 0.48;
30400, 0.69 0.48;
30450, 0.67 0.49;
30500, 0.67 0.49;
30550, 0.67 0.49;
30600, 0.67 0.49;
30650, 0.64 0.49;
30700, 0.64 0.49;
30750, 0.65 0.49;
30800, 0.64 0.49;
30850, 0.64 0.49;
30900, 0.65 0.49;
30950, 0.65 0.49;
31000, 0.65 0.49;
31050, 0.65 0.49;
31100, 0.65 0.49;
31150, 0.65 0.49;
31200, 0.66 0.49;
31250, 0.66 0.49;
31300, 0.65 0.49;
31350, 0.65 0.49;
31400, 0.66 0.49;
31450, 0.65 0.49;
31500, 0.65 0.49;
31550, 0.66 0.5;
31600, 0.66 0.5;
31650, 0.65 0.5;
31700, 0.65 0.5;
31750, 0.66 0.5;
31800, 0.66 0.5;
31850, 0.65 0.5;
31900, 0.65 0.5;
31950, 0.66 0.5;
32000, 0.66 0.5;
32050, 0.65 0.5;
32100, 0.66 0.5;
32150, 0.66 0.5;
32200, 0.65 0.5;
32250, 0.65 0.5;
32300, 0.66 0.5;
32350, 0.66 0.5;
32400, 0.65 0.5;
32450, 0.65 0.5;
32500, 0.66 0.5;
32550, 0.66 0.5;
32600, 0.66 0.48;
32650, 0.66 0.48;
32700, 0.65 0.47;
32750, 0.66 0.45;
32800, 0.66 0.45;
32850, 0.65 0.44;
32900, 0.65 0.44;
32950, 0.66 0.42;
33000, 0.66 0.42;
33050, 0.65 0.42;
33100, 0.65 0.42;
33150, 0.66 0.41;
33200, 0.66 0.41;
33250, 0.65 0.4;
33300, 0.65 0.4;
33350, 0.66 0.39;
33400, 0.65 0.36;
33450, 0.65 0.36;
33500, 0.66 0.3;
33550, 0.66 0.3;
