0, 0. 0.;
50, 0. 0.;
100, 0. 0.;
150, 0. 0.;
200, 0. 0.;
250, 0. 0.;
300, 0.19 0.37;
350, 0.19 0.37;
400, 0.19 0.42;
450, 0.19 0.42;
500, 0.2 0.46;
550, 0.2 0.46;
600, 0.19 0.48;
650, 0.2 0.49;
700, 0.2 0.49;
750, 0.19 0.51;
800, 0.19 0.51;
850, 0.2 0.52;
900, 0.2 0.52;
950, 0.19 0.53;
1000, 0.19 0.53;
1050, 0.2 0.53;
1100, 0.2 0.53;
1150, 0.19 0.53;
1200, 0.19 0.53;
1250, 0.2 0.53;
1300, 0.19 0.54;
1350, 0.19 0.54;
1400, 0.2 0.54;
1450, 0.2 0.54;
1500, 0.2 0.54;
1550, 0.2 0.54;
1600, 0.2 0.54;
1650, 0.2 0.54;
1700, 0.2 0.54;
1750, 0.2 0.54;
1800, 0.19 0.54;
1850, 0.19 0.54;
1900, 0.2 0.54;
1950, 0.19 0.55;
2000, 0.19 0.55;
2050, 0.2 0.54;
2100, 0.2 0.54;
2150, 0.19 0.55;
2200, 0.19 0.55;
2250, 0.2 0.55;
2300, 0.2 0.55;
2350, 0.19 0.55;
2400, 0.19 0.55;
2450, 0.19 0.55;
2500, 0.19 0.55;
2550, 0.2 0.55;
2600, 0.19 0.55;
2650, 0.19 0.55;
2700, 0.2 0.55;
2750, 0.2 0.55;
2800, 0.19 0.56;
2850, 0.19 0.56;
2900, 0.2 0.56;
2950, 0.2 0.56;
3000, 0.19 0.56;
3050, 0.19 0.56;
3100, 0.2 0.56;
3150, 0.2 0.56;
3200, 0.19 0.56;
3250, 0.2 0.56;
3300, 0.2 0.56;
3350, 0.19 0.55;
3400, 0.19 0.55;
3450, 0.2 0.54;
3500, 0.2 0.54;
3550, 0.2 0.53;
3600, 0.2 0.53;
3650, 0.21 0.53;
3700, 0.21 0.53;
3750, 0.21 0.53;
3800, 0.21 0.53;
3850, 0.21 0.53;
3900, 0.21 0.54;
3950, 0.21 0.54;
4000, 0.21 0.54;
4050, 0.21 0.54;
4100, 0.21 0.54;
4150, 0.21 0.54;
4200, 0.21 0.55;
4250, 0.21 0.55;
4300, 0.21 0.55;
4350, 0.21 0.55;
4400, 0.21 0.55;
4450, 0.21 0.55;
4500, 0.21 0.56;
4550, 0.21 0.56;
4600, 0.21 0.56;
4650, 0.21 0.56;
4700, 0.21 0.56;
4750, 0.21 0.57;
4800, 0.21 0.57;
4850, 0.21 0.57;
4900, 0.21 0.57;
4950, 0.21 0.57;
5000, 0.21 0.57;
5050, 0.21 0.57;
5100, 0.21 0.57;
5150, 0.21 0.58;
5200, 0.21 0.57;
5250, 0.21 0.57;
5300, 0.21 0.58;
5350, 0.21 0.58;
5400, 0.21 0.58;
5450, 0.21 0.58;
5500, 0.21 0.58;
5550, 0.21 0.58;
5600, 0.21 0.58;
5650, 0.21 0.58;
5700, 0.2 0.58;
5750, 0.2 0.58;
5800, 0.21 0.58;
5850, 0.2 0.58;
5900, 0.2 0.58;
5950, 0.21 0.58;
6000, 0.21 0.58;
6050, 0.21 0.58;
6100, 0.21 0.58;
6150, 0.21 0.58;
6200, 0.21 0.58;
6250, 0.2 0.59;
6300, 0.2 0.59;
6350, 0.21 0.58;
6400, 0.21 0.58;
6450, 0.2 0.52;
6500, 0.21 0.43;
6550, 0.21 0.43;
6600, 0.21 0.36;
6650, 0.21 0.36;
6700, 0.25 0.36;
6750, 0.25 0.36;
6800, 0.25 0.4;
6850, 0.25 0.4;
6900, 0.25 0.43;
6950, 0.25 0.43;
7000, 0.25 0.45;
7050, 0.25 0.45;
7100, 0.25 0.48;
7150, 0.25 0.49;
7200, 0.25 0.49;
7250, 0.25 0.5;
7300, 0.25 0.5;
7350, 0.25 0.51;
7400, 0.25 0.51;
7450, 0.25 0.52;
7500, 0.25 0.52;
7550, 0.25 0.52;
7600, 0.25 0.52;
7650, 0.25 0.53;
7700, 0.25 0.53;
7750, 0.25 0.54;
7800, 0.25 0.55;
7850, 0.25 0.55;
7900, 0.25 0.55;
7950, 0.25 0.55;
8000, 0.25 0.56;
8050, 0.25 0.56;
8100, 0.25 0.56;
8150, 0.25 0.56;
8200, 0.25 0.56;
8250, 0.25 0.56;
8300, 0.25 0.56;
8350, 0.25 0.56;
8400, 0.25 0.56;
8450, 0.25 0.56;
8500, 0.25 0.56;
8550, 0.25 0.56;
8600, 0.25 0.56;
8650, 0.25 0.56;
8700, 0.25 0.56;
8750, 0.25 0.56;
8800, 0.25 0.56;
8850, 0.25 0.56;
8900, 0.25 0.56;
8950, 0.25 0.55;
9000, 0.25 0.55;
9050, 0.26 0.54;
9100, 0.26 0.53;
9150, 0.26 0.53;
9200, 0.26 0.54;
9250, 0.26 0.54;
9300, 0.26 0.54;
9350, 0.26 0.54;
9400, 0.27 0.55;
9450, 0.27 0.55;
9500, 0.26 0.55;
9550, 0.26 0.55;
9600, 0.27 0.56;
9650, 0.27 0.56;
9700, 0.26 0.56;
9750, 0.27 0.57;
9800, 0.27 0.57;
9850, 0.26 0.57;
9900, 0.26 0.57;
9950, 0.27 0.57;
10000, 0.27 0.57;
10050, 0.26 0.57;
10100, 0.26 0.57;
10150, 0.27 0.58;
10200, 0.27 0.58;
10250, 0.27 0.58;
10300, 0.27 0.58;
10350, 0.26 0.58;
10400, 0.27 0.58;
10450, 0.27 0.58;
10500, 0.26 0.58;
10550, 0.26 0.58;
10600, 0.27 0.58;
10650, 0.27 0.58;
10700, 0.26 0.58;
10750, 0.26 0.58;
10800, 0.27 0.58;
10850, 0.27 0.58;
10900, 0.26 0.58;
10950, 0.26 0.58;
11000, 0.26 0.58;
11050, 0.27 0.59;
11100, 0.27 0.59;
11150, 0.26 0.59;
11200, 0.26 0.59;
11250, 0.27 0.59;
11300, 0.27 0.59;
11350, 0.26 0.58;
11400, 0.26 0.58;
11450, 0.27 0.58;
11500, 0.27 0.58;
11550, 0.26 0.58;
11600, 0.26 0.58;
11650, 0.26 0.58;
11700, 0.27 0.58;
11750, 0.27 0.58;
11800, 0.26 0.58;
11850, 0.26 0.58;
11900, 0.27 0.58;
11950, 0.27 0.58;
12000, 0.26 0.57;
12050, 0.26 0.57;
12100, 0.27 0.54;
12150, 0.27 0.54;
12200, 0.27 0.51;
12250, 0.27 0.51;
12300, 0.26 0.48;
12350, 0.27 0.45;
12400, 0.27 0.45;
12450, 0.26 0.43;
12500, 0.26 0.43;
12550, 0.27 0.38;
12600, 0.27 0.38;
12650, 0.26 0.33;
12700, 0.26 0.33;
12750, 0. 0.06;
12800, 0. 0.06;
12850, 0. 0.;
12900, 0. 0.;
12950, 0. 0.;
13000, 0. 0.;
13050, 0. 0.;
13100, 0. 0.;
13150, 0. 0.;
13200, 0. 0.;
13250, 0. 0.;
13300, 0.31 0.32;
13350, 0.31 0.32;
13400, 0.31 0.4;
13450, 0.31 0.4;
13500, 0.31 0.44;
13550, 0.31 0.44;
13600, 0.3 0.47;
13650, 0.3 0.47;
13700, 0.31 0.48;
13750, 0.3 0.5;
13800, 0.3 0.5;
13850, 0.31 0.52;
13900, 0.31 0.52;
13950, 0.3 0.53;
14000, 0.3 0.53;
14050, 0.31 0.54;
14100, 0.31 0.54;
14150, 0.3 0.54;
14200, 0.3 0.54;
14250, 0.31 0.55;
14300, 0.31 0.55;
14350, 0.3 0.55;
14400, 0.31 0.55;
14450, 0.31 0.55;
14500, 0.3 0.55;
14550, 0.3 0.55;
14600, 0.31 0.56;
14650, 0.31 0.56;
14700, 0.31 0.56;
14750, 0.31 0.56;
14800, 0.31 0.56;
14850, 0.31 0.56;
14900, 0.31 0.56;
14950, 0.31 0.56;
15000, 0.31 0.57;
15050, 0.31 0.57;
15100, 0.31 0.57;
15150, 0.31 0.57;
15200, 0.31 0.57;
15250, 0.31 0.57;
15300, 0.31 0.57;
15350, 0.3 0.58;
15400, 0.3 0.58;
15450, 0.31 0.58;
15500, 0.31 0.58;
15550, 0.3 0.58;
15600, 0.3 0.58;
15650, 0.31 0.58;
15700, 0.31 0.58;
15750, 0.31 0.58;
15800, 0.31 0.59;
15850, 0.31 0.59;
15900, 0.31 0.59;
15950, 0.31 0.59;
16000, 0.31 0.59;
16050, 0.31 0.59;
16100, 0.32 0.58;
16150, 0.32 0.58;
16200, 0.32 0.57;
16250, 0.32 0.57;
16300, 0.33 0.56;
16350, 0.32 0.57;
16400, 0.32 0.57;
16450, 0.33 0.57;
16500, 0.33 0.57;
16550, 0.32 0.57;
16600, 0.32 0.57;
16650, 0.32 0.57;
16700, 0.32 0.57;
16750, 0.32 0.57;
16800, 0.32 0.57;
16850, 0.32 0.57;
16900, 0.32 0.57;
16950, 0.33 0.57;
17000, 0.32 0.58;
17050, 0.32 0.58;
17100, 0.33 0.58;
17150, 0.33 0.58;
17200, 0.32 0.58;
17250, 0.32 0.58;
17300, 0.33 0.58;
17350, 0.33 0.58;
17400, 0.32 0.58;
17450, 0.32 0.58;
17500, 0.32 0.58;
17550, 0.32 0.58;
17600, 0.33 0.58;
17650, 0.32 0.58;
17700, 0.32 0.58;
17750, 0.33 0.58;
17800, 0.33 0.58;
17850, 0.32 0.59;
17900, 0.32 0.59;
17950, 0.32 0.59;
18000, 0.32 0.59;
18050, 0.33 0.59;
18100, 0.33 0.59;
18150, 0.32 0.59;
18200, 0.32 0.59;
18250, 0.33 0.59;
18300, 0.32 0.59;
18350, 0.32 0.59;
18400, 0.33 0.59;
18450, 0.33 0.59;
18500, 0.32 0.59;
18550, 0.32 0.59;
18600, 0.33 0.56;
18650, 0.33 0.56;
18700, 0.33 0.54;
18750, 0.33 0.54;
18800, 0.32 0.5;
18850, 0.32 0.5;
18900, 0.39 0.46;
18950, 0.38 0.48;
19000, 0.38 0.48;
19050, 0.39 0.5;
19100, 0.39 0.5;
19150, 0.39 0.52;
19200, 0.39 0.52;
19250, 0.39 0.53;
19300, 0.39 0.53;
19350, 0.39 0.55;
19400, 0.39 0.55;
19450, 0.38 0.55;
19500, 0.38 0.55;
19550, 0.4 0.55;
19600, 0.39 0.55;
19650, 0.39 0.55;
19700, 0.4 0.55;
19750, 0.4 0.55;
19800, 0.39 0.56;
19850, 0.39 0.56;
19900, 0.4 0.56;
19950, 0.4 0.56;
20000, 0.39 0.56;
20050, 0.39 0.56;
20100, 0.39 0.56;
20150, 0.39 0.56;
20200, 0.39 0.56;
20250, 0.39 0.56;
20300, 0.39 0.56;
20350, 0.39 0.57;
20400, 0.39 0.57;
20450, 0.39 0.57;
20500, 0.39 0.57;
20550, 0.4 0.57;
20600, 0.4 0.57;
20650, 0.39 0.57;
20700, 0.39 0.57;
20750, 0.4 0.57;
20800, 0.4 0.57;
20850, 0.39 0.57;
20900, 0.4 0.58;
20950, 0.4 0.58;
21000, 0.39 0.58;
21050, 0.39 0.58;
21100, 0.4 0.58;
21150, 0.4 0.58;
21200, 0.39 0.58;
21250, 0.39 0.58;
21300, 0.4 0.55;
21350, 0.4 0.55;
21400, 0.42 0.53;
21450, 0.42 0.53;
21500, 0.41 0.53;
21550, 0.42 0.53;
21600, 0.42 0.53;
21650, 0.42 0.53;
21700, 0.42 0.53;
21750, 0.42 0.54;
21800, 0.42 0.54;
21850, 0.42 0.54;
21900, 0.42 0.54;
21950, 0.41 0.54;
22000, 0.41 0.54;
22050, 0.42 0.54;
22100, 0.42 0.54;
22150, 0.41 0.54;
22200, 0.42 0.55;
22250, 0.42 0.55;
22300, 0.41 0.55;
22350, 0.41 0.55;
22400, 0.42 0.55;
22450, 0.42 0.55;
22500, 0.42 0.55;
22550, 0.42 0.55;
22600, 0.41 0.55;
22650, 0.41 0.55;
22700, 0.42 0.56;
22750, 0.42 0.56;
22800, 0.41 0.56;
22850, 0.42 0.56;
22900, 0.42 0.56;
22950, 0.42 0.56;
23000, 0.42 0.56;
23050, 0.42 0.56;
23100, 0.42 0.56;
23150, 0.42 0.57;
23200, 0.42 0.57;
23250, 0.41 0.57;
23300, 0.41 0.57;
23350, 0.42 0.57;
23400, 0.42 0.57;
23450, 0.41 0.57;
23500, 0.42 0.55;
23550, 0.42 0.55;
23600, 0.41 0.52;
23650, 0.41 0.52;
23700, 0.41 0.5;
23750, 0.41 0.5;
23800, 0.42 0.48;
23850, 0.42 0.48;
23900, 0.41 0.45;
23950, 0.41 0.45;
24000, 0.42 0.43;
24050, 0.42 0.43;
24100, 0.41 0.41;
24150, 0.42 0.38;
24200, 0.42 0.38;
24250, 0.41 0.34;
24300, 0.41 0.34;
24350, 0.42 0.27;
24400, 0.42 0.27;
24450, 0.42 0.13;
24500, 0.42 0.13;
24550, 0. 0.;
24600, 0. 0.;
24650, 0. 0.;
24700, 0. 0.;
24750, 0. 0.;
24800, 0. 0.;
24850, 0. 0.;
24900, 0. 0.;
24950, 0. 0.;
25000, 0. 0.;
25050, 0. 0.;
25100, 0. 0.;
25150, 0. 0.;
25200, 0. 0.;
25250, 0. 0.;
25300, 0. 0.;
25350, 0. 0.;
25400, 0. 0.;
25450, 0. 0.;
25500, 0. 0.;
25550, 0. 0.;
25600, 0. 0.;
25650, 0. 0.;
25700, 0. 0.;
25750, 0. 0.;
25800, 0. 0.;
25850, 0. 0.;
25900, 0. 0.;
25950, 0. 0.;
26000, 0. 0.;
26050, 0. 0.;
26100, 0. 0.;
26150, 0. 0.;
26200, 0. 0.;
26250, 0. 0.;
26300, 0. 0.;
26350, 0. 0.;
26400, 0.78 0.06;
26450, 0.78 0.06;
26500, 0.79 0.27;
26550, 0.79 0.27;
26600, 0.78 0.32;
26650, 0.78 0.32;
26700, 0.8 0.34;
26750, 0.78 0.37;
26800, 0.78 0.37;
26850, 0.8 0.38;
26900, 0.8 0.38;
26950, 0.78 0.4;
27000, 0.78 0.4;
27050, 0.8 0.41;
27100, 0.8 0.41;
27150, 0.78 0.42;
27200, 0.78 0.42;
27250, 0.81 0.42;
27300, 0.81 0.42;
27350, 0.77 0.42;
27400, 0.8 0.42;
27450, 0.8 0.42;
27500, 0.77 0.42;
27550, 0.77 0.42;
27600, 0.8 0.42;
27650, 0.8 0.42;
27700, 0.77 0.42;
27750, 0.77 0.42;
27800, 0.81 0.43;
27850, 0.81 0.43;
27900, 0.77 0.43;
27950, 0.77 0.43;
28000, 0.8 0.43;
28050, 0.77 0.43;
28100, 0.77 0.43;
28150, 0.8 0.43;
28200, 0.8 0.43;
28250, 0.78 0.43;
28300, 0.78 0.43;
28350, 0.8 0.44;
28400, 0.8 0.44;
28450, 0.78 0.44;
28500, 0.78 0.44;
28550, 0.8 0.44;
28600, 0.8 0.44;
28650, 0.77 0.44;
28700, 0.8 0.44;
28750, 0.8 0.44;
28800, 0.78 0.44;
28850, 0.78 0.44;
28900, 0.8 0.44;
28950, 0.8 0.44;
29000, 0.78 0.45;
29050, 0.78 0.45;
29100, 0.8 0.45;
29150, 0.8 0.45;
29200, 0.78 0.45;
29250, 0.78 0.45;
29300, 0.8 0.44;
29350, 0.76 0.41;
29400, 0.76 0.41;
29450, 0.66 0.37;
29500, 0.66 0.37;
29550, 0.67 0.36;
29600, 0.67 0.36;
29650, 0.65 0.37;
29700, 0.65 0.37;
29750, 0.67 0.39;
29800, 0.67 0.39;
29850, 0.65 0.4;
29900, 0.65 0.4;
29950, 0.68 0.41;
30000, 0.66 0.41;
30050, 0.66 0.41;
30100, 0.67 0.41;
30150, 0.67 0.41;
30200, 0.66 0.42;
30250, 0.66 0.42;
30300, 0.66 0.42;
30350, 0.66 0.42;
30400, 0.67 0.42;
30450, 0.67 0.42;
30500, 0.65 0.43;
30550, 0.65 0.43;
30600, 0.67 0.43;
30650, 0.66 0.43;
30700, 0.66 0.43;
30750, 0.67 0.44;
30800, 0.67 0.44;
30850, 0.66 0.44;
30900, 0.66 0.44;
30950, 0.66 0.44;
31000, 0.66 0.44;
31050, 0.67 0.45;
31100, 0.67 0.45;
31150, 0.65 0.45;
31200, 0.65 0.45;
31250, 0.68 0.45;
31300, 0.65 0.46;
31350, 0.65 0.46;
31400, 0.67 0.46;
31450, 0.67 0.46;
31500, 0.66 0.46;
31550, 0.66 0.46;
31600, 0.66 0.47;
31650, 0.66 0.47;
31700, 0.66 0.47;
31750, 0.66 0.47;
31800, 0.64 0.47;
31850, 0.64 0.47;
31900, 0.67 0.48;
31950, 0.65 0.48;
32000, 0.65 0.48;
32050, 0.67 0.47;
32100, 0.67 0.47;
32150, 0.66 0.47;
32200, 0.66 0.47;
32250, 0.66 0.47;
32300, 0.66 0.47;
32350, 0.66 0.47;
32400, 0.66 0.47;
32450, 0.64 0.46;
32500, 0.64 0.46;
32550, 0.67 0.46;
32600, 0.65 0.46;
32650, 0.65 0.46;
32700, 0.67 0.45;
32750, 0.67 0.45;
32800, 0.66 0.43;
32850, 0.66 0.43;
32900, 0.65 0.39;
32950, 0.65 0.39;
33000, 0.67 0.3;
33050, 0.67 0.3;
33100, 0. 0.;
33150, 0. 0.;
33200, 0. 0.;
33250, 0. 0.;
33300, 0. 0.;
33350, 0. 0.;
33400, 0. 0.;
33450, 0. 0.;
33500, 0. 0.;
33550, 0. 0.;
33600, 0. 0.;
33650, 0. 0.;
33700, 0. 0.;
33750, 0. 0.;
33800, 0. 0.;
33850, 0. 0.;
33900, 0. 0.;
33950, 0. 0.;
34000, 0. 0.;
34050, 0. 0.;
34100, 0. 0.;
34150, 0. 0.;
34200, 0. 0.;
34250, 0. 0.;
34300, 0. 0.;
34350, 0. 0.;
34400, 0. 0.;
34450, 0. 0.;
34500, 0. 0.;
34550, 0. 0.;
34600, 0. 0.;
34650, 0. 0.;
34700, 0. 0.;
34750, 0. 0.;
34800, 0. 0.;
34850, 0. 0.;
34900, 0. 0.;
34950, 0.3 0.26;
35000, 0.3 0.26;
35050, 0.3 0.36;
35100, 0.3 0.36;
35150, 0.3 0.41;
35200, 0.29 0.43;
35250, 0.29 0.43;
35300, 0.3 0.46;
35350, 0.3 0.46;
35400, 0.29 0.47;
35450, 0.29 0.47;
35500, 0.3 0.49;
35550, 0.3 0.49;
35600, 0.3 0.51;
35650, 0.3 0.51;
35700, 0.29 0.51;
35750, 0.29 0.51;
35800, 0.3 0.51;
35850, 0.29 0.51;
35900, 0.29 0.51;
35950, 0.3 0.52;
36000, 0.3 0.52;
36050, 0.29 0.52;
36100, 0.29 0.52;
36150, 0.3 0.52;
36200, 0.3 0.52;
36250, 0.29 0.53;
36300, 0.29 0.53;
36350, 0.3 0.53;
36400, 0.3 0.53;
36450, 0.29 0.53;
36500, 0.29 0.53;
36550, 0.29 0.53;
36600, 0.3 0.54;
36650, 0.3 0.54;
36700, 0.29 0.54;
36750, 0.29 0.54;
36800, 0.3 0.54;
36850, 0.3 0.54;
36900, 0.29 0.55;
36950, 0.29 0.55;
37000, 0.3 0.55;
37050, 0.3 0.55;
37100, 0.29 0.55;
37150, 0.3 0.55;
37200, 0.3 0.55;
37250, 0.28 0.54;
37300, 0.28 0.54;
37350, 0.29 0.54;
37400, 0.29 0.54;
37450, 0.27 0.53;
37500, 0.27 0.53;
37550, 0.28 0.53;
37600, 0.28 0.53;
37650, 0.28 0.53;
37700, 0.28 0.53;
37750, 0.28 0.53;
37800, 0.28 0.54;
37850, 0.28 0.54;
37900, 0.28 0.54;
37950, 0.28 0.54;
38000, 0.28 0.54;
38050, 0.28 0.54;
38100, 0.28 0.54;
38150, 0.28 0.54;
38200, 0.28 0.54;
38250, 0.28 0.54;
38300, 0.28 0.55;
38350, 0.28 0.55;
38400, 0.28 0.55;
38450, 0.28 0.55;
38500, 0.28 0.55;
38550, 0.28 0.55;
38600, 0.28 0.55;
38650, 0.27 0.55;
38700, 0.27 0.55;
38750, 0.28 0.55;
38800, 0.28 0.55;
38850, 0.27 0.55;
38900, 0.27 0.55;
38950, 0.28 0.55;
39000, 0.28 0.55;
39050, 0.27 0.55;
39100, 0.28 0.55;
39150, 0.28 0.55;
39200, 0.27 0.54;
39250, 0.27 0.54;
39300, 0.28 0.54;
39350, 0.28 0.54;
39400, 0.27 0.54;
39450, 0.27 0.54;
39500, 0.28 0.54;
39550, 0.28 0.54;
39600, 0.28 0.54;
39650, 0.28 0.54;
39700, 0.28 0.54;
39750, 0.28 0.54;
39800, 0.28 0.54;
39850, 0.28 0.54;
39900, 0.28 0.54;
39950, 0.28 0.54;
40000, 0.28 0.54;
40050, 0.28 0.53;
40100, 0.28 0.53;
40150, 0.28 0.53;
40200, 0.28 0.53;
40250, 0.28 0.52;
40300, 0.28 0.52;
40350, 0.28 0.49;
40400, 0.28 0.47;
40450, 0.28 0.47;
40500, 0.28 0.44;
40550, 0.28 0.44;
40600, 0.28 0.41;
40650, 0.28 0.41;
40700, 0.28 0.38;
40750, 0.28 0.38;
40800, 0.28 0.35;
40850, 0.28 0.35;
40900, 0.28 0.31;
40950, 0.28 0.31;
41000, 0.28 0.26;
41050, 0. 0.03;
41100, 0. 0.03;
41150, 0. 0.;
41200, 0. 0.;
41250, 0. 0.;
41300, 0. 0.;
41350, 0. 0.;
41400, 0. 0.;
41450, 0. 0.;
41500, 0. 0.;
41550, 0. 0.;
41600, 0. 0.;
41650, 0. 0.;
41700, 0.2 0.08;
41750, 0.2 0.08;
41800, 0.2 0.32;
41850, 0.2 0.32;
41900, 0.2 0.37;
41950, 0.2 0.37;
42000, 0.2 0.4;
42050, 0.2 0.4;
42100, 0.19 0.42;
42150, 0.19 0.42;
42200, 0.2 0.44;
42250, 0.2 0.44;
42300, 0.19 0.46;
42350, 0.19 0.46;
42400, 0.2 0.47;
42450, 0.19 0.48;
42500, 0.19 0.48;
42550, 0.2 0.48;
42600, 0.2 0.48;
42650, 0.19 0.49;
42700, 0.19 0.49;
42750, 0.2 0.49;
42800, 0.2 0.49;
42850, 0.19 0.49;
42900, 0.19 0.49;
42950, 0.2 0.5;
43000, 0.2 0.5;
43050, 0.2 0.5;
43100, 0.2 0.5;
43150, 0.2 0.5;
43200, 0.2 0.51;
43250, 0.2 0.51;
43300, 0.2 0.51;
43350, 0.2 0.51;
43400, 0.2 0.51;
43450, 0.2 0.51;
43500, 0.19 0.52;
43550, 0.19 0.52;
43600, 0.2 0.52;
43650, 0.2 0.52;
43700, 0.19 0.52;
43750, 0.2 0.53;
43800, 0.2 0.53;
43850, 0.19 0.53;
43900, 0.19 0.53;
43950, 0.2 0.53;
44000, 0.2 0.53;
44050, 0.19 0.54;
44100, 0.19 0.54;
44150, 0.2 0.54;
44200, 0.2 0.54;
44250, 0.2 0.54;
44300, 0.2 0.54;
44350, 0.19 0.54;
44400, 0.2 0.54;
44450, 0.2 0.54;
44500, 0.19 0.54;
44550, 0.19 0.54;
44600, 0.2 0.54;
44650, 0.2 0.54;
44700, 0.19 0.54;
44750, 0.19 0.54;
44800, 0.2 0.54;
44850, 0.2 0.54;
44900, 0.2 0.53;
44950, 0.2 0.53;
45000, 0.21 0.52;
45050, 0.21 0.52;
45100, 0.21 0.52;
45150, 0.21 0.52;
45200, 0.21 0.52;
45250, 0.21 0.52;
45300, 0.21 0.52;
45350, 0.21 0.52;
45400, 0.21 0.52;
45450, 0.21 0.52;
45500, 0.21 0.52;
45550, 0.21 0.52;
45600, 0.21 0.52;
45650, 0.21 0.52;
45700, 0.21 0.52;
45750, 0.21 0.52;
45800, 0.21 0.53;
45850, 0.21 0.53;
45900, 0.21 0.53;
45950, 0.21 0.53;
46000, 0.21 0.53;
46050, 0.21 0.53;
46100, 0.21 0.53;
46150, 0.21 0.53;
46200, 0.21 0.53;
46250, 0.21 0.53;
46300, 0.21 0.53;
46350, 0.21 0.53;
46400, 0.21 0.53;
46450, 0.21 0.53;
46500, 0.21 0.53;
46550, 0.21 0.53;
46600, 0.21 0.53;
46650, 0.21 0.54;
46700, 0.21 0.54;
46750, 0.21 0.54;
46800, 0.21 0.54;
46850, 0.21 0.54;
46900, 0.21 0.54;
46950, 0.21 0.54;
47000, 0.2 0.54;
47050, 0.2 0.54;
47100, 0.21 0.54;
47150, 0.21 0.54;
47200, 0.2 0.54;
47250, 0.2 0.54;
47300, 0.21 0.54;
47350, 0.21 0.54;
47400, 0.2 0.54;
47450, 0.2 0.54;
47500, 0.21 0.54;
47550, 0.21 0.54;
47600, 0.2 0.55;
47650, 0.21 0.55;
47700, 0.21 0.55;
47750, 0.2 0.55;
47800, 0.2 0.55;
47850, 0.21 0.55;
47900, 0.21 0.55;
47950, 0.2 0.55;
48000, 0.2 0.55;
48050, 0.21 0.55;
48100, 0.21 0.55;
48150, 0.2 0.55;
48200, 0.2 0.55;
48250, 0.21 0.53;
48300, 0.2 0.51;
48350, 0.2 0.51;
48400, 0.21 0.49;
48450, 0.21 0.49;
48500, 0.2 0.47;
48550, 0.2 0.47;
48600, 0.2 0.45;
48650, 0.2 0.45;
48700, 0.2 0.43;
48750, 0.2 0.43;
48800, 0.2 0.41;
48850, 0.2 0.41;
48900, 0.2 0.39;
48950, 0.2 0.37;
49000, 0.2 0.37;
49050, 0.2 0.35;
49100, 0.2 0.35;
49150, 0.2 0.33;
49200, 0.2 0.33;
49250, 0.21 0.29;
49300, 0.21 0.29;
49350, 0.2 0.23;
49400, 0.2 0.23;
