0, 0. 0.;
50, 0. 0.;
100, 0. 0.;
150, 0. 0.;
200, 0. 0.;
250, 0.21 0.34;
300, 0.21 0.34;
350, 0.2 0.41;
400, 0.2 0.41;
450, 0.21 0.44;
500, 0.21 0.44;
550, 0.21 0.47;
600, 0.21 0.49;
650, 0.21 0.49;
700, 0.21 0.5;
750, 0.21 0.5;
800, 0.21 0.52;
850, 0.21 0.52;
900, 0.21 0.53;
950, 0.21 0.53;
1000, 0.2 0.54;
1050, 0.2 0.54;
1100, 0.21 0.55;
1150, 0.21 0.55;
1200, 0.2 0.55;
1250, 0.2 0.55;
1300, 0.21 0.55;
1350, 0.21 0.55;
1400, 0.21 0.55;
1450, 0.21 0.56;
1500, 0.21 0.56;
1550, 0.21 0.56;
1600, 0.21 0.56;
1650, 0.2 0.56;
1700, 0.2 0.56;
1750, 0.21 0.56;
1800, 0.21 0.56;
1850, 0.2 0.56;
1900, 0.2 0.56;
1950, 0.21 0.57;
2000, 0.21 0.57;
2050, 0.21 0.57;
2100, 0.21 0.57;
2150, 0.21 0.57;
2200, 0.21 0.57;
2250, 0.21 0.57;
2300, 0.21 0.57;
2350, 0.21 0.57;
2400, 0.21 0.57;
2450, 0.21 0.57;
2500, 0.21 0.58;
2550, 0.21 0.58;
2600, 0.21 0.58;
2650, 0.21 0.58;
2700, 0.21 0.58;
2750, 0.21 0.58;
2800, 0.21 0.58;
2850, 0.21 0.58;
2900, 0.21 0.58;
2950, 0.21 0.58;
3000, 0.21 0.58;
3050, 0.21 0.58;
3100, 0.21 0.58;
3150, 0.21 0.58;
3200, 0.21 0.58;
3250, 0.21 0.58;
3300, 0.21 0.58;
3350, 0.21 0.58;
3400, 0.21 0.59;
3450, 0.21 0.59;
3500, 0.21 0.59;
3550, 0.21 0.59;
3600, 0.21 0.59;
3650, 0.21 0.59;
3700, 0.21 0.59;
3750, 0.21 0.59;
3800, 0.2 0.59;
3850, 0.2 0.59;
3900, 0.21 0.59;
3950, 0.22 0.57;
4000, 0.22 0.57;
4050, 0.23 0.54;
4100, 0.23 0.54;
4150, 0.23 0.55;
4200, 0.23 0.55;
4250, 0.24 0.55;
4300, 0.24 0.55;
4350, 0.23 0.55;
4400, 0.23 0.55;
4450, 0.24 0.56;
4500, 0.24 0.56;
4550, 0.23 0.56;
4600, 0.24 0.57;
4650, 0.24 0.57;
4700, 0.23 0.57;
4750, 0.23 0.57;
4800, 0.24 0.57;
4850, 0.24 0.57;
4900, 0.23 0.57;
4950, 0.23 0.57;
5000, 0.24 0.57;
5050, 0.24 0.57;
5100, 0.23 0.58;
5150, 0.23 0.58;
5200, 0.24 0.58;
5250, 0.23 0.58;
5300, 0.23 0.58;
5350, 0.24 0.58;
5400, 0.24 0.58;
5450, 0.23 0.58;
5500, 0.23 0.58;
5550, 0.23 0.58;
5600, 0.23 0.58;
5650, 0.23 0.58;
5700, 0.23 0.58;
5750, 0.23 0.58;
5800, 0.23 0.58;
5850, 0.23 0.58;
5900, 0.23 0.58;
5950, 0.23 0.58;
6000, 0.24 0.58;
6050, 0.24 0.58;
6100, 0.23 0.58;
6150, 0.23 0.58;
6200, 0.24 0.58;
6250, 0.24 0.58;
6300, 0.23 0.58;
6350, 0.23 0.58;
6400, 0.24 0.58;
6450, 0.24 0.58;
6500, 0.23 0.58;
6550, 0.23 0.58;
6600, 0.23 0.58;
6650, 0.23 0.58;
6700, 0.23 0.58;
6750, 0.24 0.55;
6800, 0.24 0.55;
6850, 0.23 0.51;
6900, 0.23 0.51;
6950, 0.24 0.47;
7000, 0.24 0.47;
7050, 0.23 0.42;
7100, 0.23 0.42;
7150, 0.23 0.38;
7200, 0.2 0.38;
7250, 0.2 0.38;
7300, 0.19 0.4;
7350, 0.19 0.4;
7400, 0.2 0.43;
7450, 0.2 0.43;
7500, 0.19 0.46;
7550, 0.19 0.46;
7600, 0.19 0.48;
7650, 0.19 0.48;
7700, 0.19 0.5;
7750, 0.19 0.5;
7800, 0.19 0.52;
7850, 0.19 0.53;
7900, 0.19 0.53;
7950, 0.19 0.54;
8000, 0.19 0.54;
8050, 0.2 0.54;
8100, 0.2 0.54;
8150, 0.19 0.55;
8200, 0.19 0.55;
8250, 0.2 0.55;
8300, 0.2 0.55;
8350, 0.19 0.56;
8400, 0.19 0.56;
8450, 0.2 0.56;
8500, 0.19 0.57;
8550, 0.19 0.57;
8600, 0.2 0.57;
8650, 0.2 0.57;
8700, 0.19 0.58;
8750, 0.19 0.58;
8800, 0.19 0.58;
8850, 0.19 0.58;
8900, 0.2 0.58;
8950, 0.2 0.58;
9000, 0.19 0.59;
9050, 0.19 0.59;
9100, 0.2 0.59;
9150, 0.19 0.59;
9200, 0.19 0.59;
9250, 0.2 0.59;
9300, 0.2 0.59;
9350, 0.19 0.59;
9400, 0.19 0.59;
9450, 0.2 0.59;
9500, 0.2 0.59;
9550, 0.19 0.6;
9600, 0.19 0.6;
9650, 0.19 0.6;
9700, 0.19 0.6;
9750, 0.2 0.6;
9800, 0.19 0.6;
9850, 0.19 0.6;
9900, 0.19 0.59;
9950, 0.19 0.59;
10000, 0.19 0.58;
10050, 0.19 0.58;
10100, 0.19 0.57;
10150, 0.19 0.57;
10200, 0.18 0.57;
10250, 0.18 0.57;
10300, 0.19 0.57;
10350, 0.19 0.57;
10400, 0.18 0.57;
10450, 0.19 0.57;
10500, 0.19 0.57;
10550, 0.18 0.57;
10600, 0.18 0.57;
10650, 0.18 0.57;
10700, 0.18 0.57;
10750, 0.19 0.57;
10800, 0.19 0.57;
10850, 0.18 0.58;
10900, 0.18 0.58;
10950, 0.19 0.57;
11000, 0.19 0.57;
11050, 0.18 0.58;
11100, 0.19 0.58;
11150, 0.19 0.58;
11200, 0.19 0.58;
11250, 0.19 0.58;
11300, 0.18 0.58;
11350, 0.18 0.58;
11400, 0.19 0.58;
11450, 0.19 0.58;
11500, 0.18 0.59;
11550, 0.18 0.59;
11600, 0.19 0.58;
11650, 0.19 0.58;
11700, 0.18 0.59;
11750, 0.19 0.59;
11800, 0.19 0.59;
11850, 0.18 0.59;
11900, 0.18 0.59;
11950, 0.18 0.59;
12000, 0.18 0.59;
12050, 0.19 0.59;
12100, 0.19 0.59;
12150, 0.18 0.59;
12200, 0.18 0.59;
12250, 0.19 0.59;
12300, 0.19 0.59;
12350, 0.18 0.6;
12400, 0.19 0.6;
12450, 0.19 0.6;
12500, 0.18 0.6;
12550, 0.18 0.6;
12600, 0.18 0.6;
12650, 0.18 0.6;
12700, 0.18 0.6;
12750, 0.18 0.6;
12800, 0.18 0.61;
12850, 0.18 0.61;
12900, 0.18 0.58;
12950, 0.18 0.58;
13000, 0.18 0.55;
13050, 0.18 0.51;
13100, 0.18 0.51;
13150, 0.18 0.48;
13200, 0.18 0.48;
13250, 0.18 0.45;
13300, 0.18 0.45;
13350, 0.18 0.41;
13400, 0.18 0.41;
13450, 0.18 0.38;
13500, 0.18 0.38;
13550, 0.19 0.34;
13600, 0.19 0.34;
13650, 0.18 0.33;
13700, 0.18 0.3;
13750, 0.18 0.3;
13800, 0.18 0.25;
13850, 0.18 0.25;
13900, 0.09 0.03;
13950, 0.09 0.03;
14000, 0. 0.;
14050, 0. 0.;
14100, 0. 0.;
14150, 0. 0.;
14200, 0. 0.;
14250, 0. 0.;
14300, 0. 0.;
14350, 0. 0.;
14400, 0. 0.;
14450, 0. 0.;
14500, 0. 0.;
14550, 0. 0.;
14600, 0. 0.;
14650, 0. 0.;
14700, 0. 0.;
14750, 0. 0.;
14800, 0. 0.;
14850, 0. 0.;
14900, 0. 0.;
14950, 0. 0.;
15000, 0. 0.;
15050, 0. 0.;
15100, 0. 0.;
15150, 0. 0.;
15200, 0. 0.;
15250, 0. 0.;
15300, 0. 0.;
15350, 0. 0.;
15400, 0.24 0.1;
15450, 0.24 0.1;
15500, 0.24 0.34;
15550, 0.24 0.34;
15600, 0.24 0.39;
15650, 0.24 0.42;
15700, 0.24 0.42;
15750, 0.24 0.45;
15800, 0.24 0.45;
15850, 0.24 0.47;
15900, 0.24 0.47;
15950, 0.24 0.49;
16000, 0.24 0.49;
16050, 0.24 0.5;
16100, 0.24 0.5;
16150, 0.24 0.52;
16200, 0.24 0.52;
16250, 0.24 0.53;
16300, 0.24 0.53;
16350, 0.24 0.53;
16400, 0.24 0.54;
16450, 0.24 0.54;
16500, 0.24 0.54;
16550, 0.24 0.54;
16600, 0.24 0.55;
16650, 0.24 0.55;
16700, 0.23 0.55;
16750, 0.23 0.55;
16800, 0.24 0.55;
16850, 0.24 0.55;
16900, 0.24 0.55;
16950, 0.24 0.55;
17000, 0.24 0.55;
17050, 0.24 0.55;
17100, 0.24 0.55;
17150, 0.23 0.55;
17200, 0.23 0.55;
17250, 0.24 0.56;
17300, 0.24 0.56;
17350, 0.23 0.56;
17400, 0.23 0.56;
17450, 0.24 0.56;
17500, 0.24 0.56;
17550, 0.23 0.56;
17600, 0.24 0.56;
17650, 0.24 0.56;
17700, 0.23 0.56;
17750, 0.23 0.56;
17800, 0.24 0.56;
17850, 0.24 0.56;
17900, 0.23 0.56;
17950, 0.23 0.56;
18000, 0.24 0.56;
18050, 0.24 0.56;
18100, 0.23 0.57;
18150, 0.23 0.57;
18200, 0.24 0.57;
18250, 0.23 0.57;
18300, 0.23 0.57;
18350, 0.23 0.57;
18400, 0.23 0.57;
18450, 0.23 0.57;
18500, 0.23 0.57;
18550, 0.23 0.57;
18600, 0.23 0.57;
18650, 0.23 0.57;
18700, 0.23 0.57;
18750, 0.23 0.57;
18800, 0.23 0.57;
18850, 0.23 0.57;
18900, 0.23 0.57;
18950, 0.23 0.57;
19000, 0.24 0.58;
19050, 0.24 0.58;
19100, 0.23 0.58;
19150, 0.23 0.58;
19200, 0.24 0.58;
19250, 0.24 0.58;
19300, 0.23 0.57;
19350, 0.23 0.57;
19400, 0.24 0.56;
19450, 0.24 0.56;
19500, 0.25 0.56;
19550, 0.27 0.55;
19600, 0.27 0.55;
19650, 0.26 0.55;
19700, 0.26 0.55;
19750, 0.27 0.55;
19800, 0.27 0.55;
19850, 0.26 0.55;
19900, 0.26 0.55;
19950, 0.26 0.56;
20000, 0.26 0.56;
20050, 0.27 0.56;
20100, 0.27 0.56;
20150, 0.26 0.56;
20200, 0.27 0.56;
20250, 0.27 0.56;
20300, 0.26 0.56;
20350, 0.26 0.56;
20400, 0.26 0.56;
20450, 0.26 0.56;
20500, 0.26 0.56;
20550, 0.26 0.56;
20600, 0.26 0.57;
20650, 0.26 0.57;
20700, 0.27 0.57;
20750, 0.27 0.57;
20800, 0.26 0.57;
20850, 0.27 0.57;
20900, 0.27 0.57;
20950, 0.26 0.57;
21000, 0.26 0.57;
21050, 0.26 0.57;
21100, 0.26 0.57;
21150, 0.26 0.57;
21200, 0.26 0.57;
21250, 0.26 0.58;
21300, 0.26 0.58;
21350, 0.27 0.58;
21400, 0.27 0.58;
21450, 0.26 0.58;
21500, 0.27 0.58;
21550, 0.27 0.58;
21600, 0.26 0.58;
21650, 0.26 0.58;
21700, 0.26 0.58;
21750, 0.26 0.58;
21800, 0.26 0.58;
21850, 0.26 0.58;
21900, 0.26 0.58;
21950, 0.26 0.58;
22000, 0.26 0.55;
22050, 0.26 0.55;
22100, 0.25 0.49;
22150, 0.26 0.44;
22200, 0.26 0.44;
22250, 0.22 0.42;
22300, 0.22 0.42;
22350, 0.22 0.45;
22400, 0.22 0.45;
22450, 0.22 0.47;
22500, 0.22 0.47;
22550, 0.22 0.49;
22600, 0.22 0.49;
22650, 0.22 0.5;
22700, 0.22 0.5;
22750, 0.22 0.52;
22800, 0.22 0.52;
22850, 0.22 0.52;
22900, 0.22 0.53;
22950, 0.22 0.53;
23000, 0.22 0.53;
23050, 0.22 0.53;
23100, 0.22 0.54;
23150, 0.22 0.54;
23200, 0.22 0.54;
23250, 0.22 0.54;
23300, 0.22 0.54;
23350, 0.22 0.54;
23400, 0.22 0.55;
23450, 0.22 0.55;
23500, 0.22 0.55;
23550, 0.22 0.56;
23600, 0.22 0.56;
23650, 0.22 0.56;
23700, 0.22 0.56;
23750, 0.22 0.57;
23800, 0.22 0.57;
23850, 0.22 0.57;
23900, 0.22 0.57;
23950, 0.22 0.57;
24000, 0.22 0.57;
24050, 0.22 0.57;
24100, 0.22 0.58;
24150, 0.22 0.58;
24200, 0.22 0.58;
24250, 0.22 0.58;
24300, 0.22 0.58;
24350, 0.22 0.58;
24400, 0.22 0.58;
24450, 0.22 0.58;
24500, 0.22 0.58;
24550, 0.22 0.58;
24600, 0.22 0.58;
24650, 0.22 0.58;
24700, 0.22 0.58;
24750, 0.23 0.58;
24800, 0.23 0.58;
24850, 0.23 0.56;
24900, 0.23 0.56;
24950, 0.24 0.55;
25000, 0.24 0.55;
25050, 0.24 0.55;
25100, 0.24 0.55;
25150, 0.24 0.55;
25200, 0.24 0.55;
25250, 0.24 0.55;
25300, 0.24 0.55;
25350, 0.24 0.55;
25400, 0.24 0.56;
25450, 0.24 0.56;
25500, 0.23 0.56;
25550, 0.23 0.56;
25600, 0.24 0.56;
25650, 0.24 0.56;
25700, 0.23 0.56;
25750, 0.23 0.56;
25800, 0.24 0.56;
25850, 0.24 0.56;
25900, 0.23 0.56;
25950, 0.23 0.56;
26000, 0.24 0.56;
26050, 0.24 0.56;
26100, 0.24 0.56;
26150, 0.24 0.57;
26200, 0.24 0.57;
26250, 0.24 0.57;
26300, 0.24 0.57;
26350, 0.23 0.57;
26400, 0.23 0.57;
26450, 0.24 0.57;
26500, 0.24 0.57;
26550, 0.24 0.57;
26600, 0.24 0.57;
26650, 0.24 0.57;
26700, 0.24 0.57;
26750, 0.24 0.57;
26800, 0.24 0.58;
26850, 0.24 0.58;
26900, 0.24 0.58;
26950, 0.24 0.58;
27000, 0.24 0.58;
27050, 0.24 0.58;
27100, 0.24 0.58;
27150, 0.24 0.58;
27200, 0.24 0.58;
27250, 0.24 0.58;
27300, 0.24 0.58;
27350, 0.24 0.57;
27400, 0.24 0.57;
27450, 0.24 0.55;
27500, 0.24 0.55;
27550, 0.24 0.53;
27600, 0.24 0.53;
27650, 0.23 0.5;
27700, 0.23 0.5;
27750, 0.24 0.48;
27800, 0.24 0.48;
27850, 0.23 0.46;
27900, 0.23 0.46;
27950, 0.24 0.44;
28000, 0.23 0.41;
28050, 0.23 0.41;
28100, 0.24 0.37;
28150, 0.24 0.37;
28200, 0.23 0.14;
28250, 0.23 0.14;
28300, 0. 0.;
28350, 0. 0.;
28400, 0. 0.;
28450, 0. 0.;
28500, 0. 0.;
28550, 0. 0.;
28600, 0. 0.;
28650, 0. 0.;
28700, 0. 0.;
28750, 0. 0.;
28800, 0. 0.;
28850, 0. 0.;
28900, 0. 0.;
28950, 0. 0.;
29000, 0. 0.;
29050, 0. 0.;
29100, 0. 0.;
29150, 0. 0.;
29200, 0. 0.;
29250, 0. 0.;
29300, 0.46 0.18;
29350, 0.46 0.18;
29400, 0.46 0.31;
29450, 0.46 0.31;
29500, 0.47 0.36;
29550, 0.47 0.36;
29600, 0.46 0.38;
29650, 0.46 0.38;
29700, 0.47 0.41;
29750, 0.47 0.41;
29800, 0.46 0.43;
29850, 0.46 0.43;
29900, 0.48 0.45;
29950, 0.47 0.46;
30000, 0.47 0.46;
30050, 0.48 0.47;
30100, 0.48 0.47;
30150, 0.47 0.47;
30200, 0.47 0.47;
30250, 0.48 0.47;
30300, 0.48 0.47;
30350, 0.47 0.47;
30400, 0.47 0.47;
30450, 0.48 0.48;
30500, 0.48 0.48;
30550, 0.47 0.48;
30600, 0.47 0.48;
30650, 0.48 0.49;
30700, 0.46 0.49;
30750, 0.46 0.49;
30800, 0.48 0.49;
30850, 0.48 0.49;
30900, 0.47 0.49;
30950, 0.47 0.49;
31000, 0.48 0.5;
31050, 0.48 0.5;
31100, 0.47 0.5;
31150, 0.47 0.5;
31200, 0.48 0.51;
31250, 0.48 0.51;
31300, 0.47 0.51;
31350, 0.47 0.51;
31400, 0.47 0.51;
31450, 0.47 0.51;
31500, 0.47 0.51;
31550, 0.47 0.52;
31600, 0.47 0.52;
31650, 0.47 0.52;
31700, 0.47 0.52;
31750, 0.47 0.52;
31800, 0.47 0.52;
31850, 0.47 0.52;
31900, 0.47 0.52;
31950, 0.47 0.52;
32000, 0.47 0.52;
32050, 0.47 0.52;
32100, 0.47 0.52;
32150, 0.47 0.52;
32200, 0.46 0.52;
32250, 0.46 0.52;
32300, 0.46 0.5;
32350, 0.46 0.5;
32400, 0.45 0.48;
32450, 0.45 0.48;
32500, 0.45 0.46;
32550, 0.45 0.46;
32600, 0.46 0.41;
32650, 0.47 0.35;
32700, 0.47 0.35;
32750, 0.39 0.33;
32800, 0.39 0.33;
32850, 0.4 0.36;
32900, 0.4 0.36;
32950, 0.39 0.38;
33000, 0.39 0.38;
33050, 0.4 0.4;
33100, 0.4 0.4;
33150, 0.39 0.42;
33200, 0.39 0.42;
33250, 0.4 0.44;
33300, 0.4 0.44;
33350, 0.4 0.44;
33400, 0.4 0.45;
33450, 0.4 0.45;
33500, 0.4 0.45;
33550, 0.4 0.45;
33600, 0.4 0.46;
33650, 0.4 0.46;
33700, 0.4 0.47;
33750, 0.4 0.47;
33800, 0.39 0.47;
33850, 0.39 0.47;
33900, 0.4 0.48;
33950, 0.39 0.48;
34000, 0.39 0.48;
34050, 0.4 0.49;
34100, 0.4 0.49;
34150, 0.39 0.5;
34200, 0.39 0.5;
34250, 0.39 0.5;
34300, 0.39 0.5;
34350, 0.4 0.5;
34400, 0.4 0.5;
34450, 0.39 0.5;
34500, 0.39 0.5;
34550, 0.4 0.5;
34600, 0.39 0.51;
34650, 0.39 0.51;
34700, 0.4 0.51;
34750, 0.4 0.51;
34800, 0.39 0.51;
34850, 0.39 0.51;
34900, 0.4 0.51;
34950, 0.4 0.51;
35000, 0.39 0.52;
35050, 0.39 0.52;
35100, 0.39 0.52;
35150, 0.39 0.52;
35200, 0.4 0.52;
35250, 0.39 0.52;
35300, 0.39 0.52;
35350, 0.4 0.53;
35400, 0.4 0.53;
35450, 0.39 0.53;
35500, 0.39 0.53;
35550, 0.39 0.53;
35600, 0.39 0.53;
35650, 0.37 0.52;
35700, 0.37 0.52;
35750, 0.38 0.5;
35800, 0.38 0.5;
35850, 0.36 0.48;
35900, 0.37 0.48;
35950, 0.37 0.48;
36000, 0.36 0.49;
36050, 0.36 0.49;
36100, 0.37 0.49;
36150, 0.37 0.49;
36200, 0.36 0.49;
36250, 0.36 0.49;
36300, 0.37 0.49;
36350, 0.37 0.49;
36400, 0.36 0.49;
36450, 0.36 0.49;
36500, 0.37 0.49;
36550, 0.36 0.49;
36600, 0.36 0.49;
36650, 0.37 0.49;
36700, 0.37 0.49;
36750, 0.36 0.49;
36800, 0.36 0.49;
36850, 0.37 0.49;
36900, 0.37 0.49;
36950, 0.36 0.49;
37000, 0.36 0.49;
37050, 0.37 0.49;
37100, 0.37 0.49;
37150, 0.36 0.49;
37200, 0.37 0.49;
37250, 0.37 0.49;
37300, 0.36 0.49;
37350, 0.36 0.49;
37400, 0.37 0.49;
37450, 0.37 0.49;
37500, 0.36 0.49;
37550, 0.36 0.49;
37600, 0.37 0.49;
37650, 0.37 0.49;
37700, 0.37 0.49;
37750, 0.37 0.49;
37800, 0.37 0.48;
37850, 0.37 0.48;
37900, 0.37 0.48;
37950, 0.37 0.44;
38000, 0.37 0.44;
38050, 0.37 0.37;
38100, 0.37 0.37;
