0, 0. 0.;
50, 0. 0.;
100, 0. 0.;
150, 0. 0.;
200, 0. 0.;
250, 0.46 0.21;
300, 0.47 0.28;
350, 0.47 0.28;
400, 0.46 0.33;
450, 0.46 0.33;
500, 0.47 0.37;
550, 0.47 0.37;
600, 0.46 0.4;
650, 0.46 0.4;
700, 0.47 0.43;
750, 0.47 0.43;
800, 0.46 0.46;
850, 0.46 0.46;
900, 0.47 0.49;
950, 0.46 0.5;
1000, 0.46 0.5;
1050, 0.47 0.52;
1100, 0.47 0.52;
1150, 0.46 0.54;
1200, 0.46 0.54;
1250, 0.47 0.54;
1300, 0.47 0.54;
1350, 0.46 0.55;
1400, 0.46 0.55;
1450, 0.47 0.55;
1500, 0.47 0.55;
1550, 0.46 0.55;
1600, 0.47 0.56;
1650, 0.47 0.56;
1700, 0.46 0.56;
1750, 0.46 0.56;
1800, 0.47 0.57;
1850, 0.47 0.57;
1900, 0.46 0.57;
1950, 0.46 0.57;
2000, 0.47 0.57;
2050, 0.47 0.57;
2100, 0.46 0.57;
2150, 0.46 0.57;
2200, 0.47 0.58;
2250, 0.46 0.58;
2300, 0.46 0.58;
2350, 0.47 0.59;
2400, 0.47 0.59;
2450, 0.46 0.58;
2500, 0.46 0.58;
2550, 0.47 0.59;
2600, 0.47 0.59;
2650, 0.46 0.58;
2700, 0.46 0.58;
2750, 0.47 0.59;
2800, 0.47 0.59;
2850, 0.46 0.58;
2900, 0.47 0.59;
2950, 0.47 0.59;
3000, 0.46 0.58;
3050, 0.46 0.58;
3100, 0.47 0.59;
3150, 0.47 0.59;
3200, 0.46 0.57;
3250, 0.46 0.57;
3300, 0.45 0.52;
3350, 0.45 0.52;
3400, 0.39 0.46;
3450, 0.39 0.46;
3500, 0.4 0.47;
3550, 0.39 0.48;
3600, 0.39 0.48;
3650, 0.39 0.5;
3700, 0.39 0.5;
3750, 0.4 0.51;
3800, 0.4 0.51;
3850, 0.39 0.52;
3900, 0.39 0.52;
3950, 0.4 0.54;
4000, 0.4 0.54;
4050, 0.39 0.54;
4100, 0.39 0.54;
4150, 0.4 0.55;
4200, 0.39 0.55;
4250, 0.39 0.55;
4300, 0.39 0.55;
4350, 0.39 0.55;
4400, 0.4 0.55;
4450, 0.4 0.55;
4500, 0.39 0.56;
4550, 0.39 0.56;
4600, 0.39 0.56;
4650, 0.39 0.56;
4700, 0.39 0.56;
4750, 0.39 0.56;
4800, 0.39 0.56;
4850, 0.4 0.56;
4900, 0.4 0.56;
4950, 0.38 0.56;
5000, 0.38 0.56;
5050, 0.4 0.54;
5100, 0.4 0.54;
5150, 0.39 0.47;
5200, 0.39 0.47;
5250, 0.39 0.44;
5300, 0.39 0.44;
5350, 0.47 0.45;
5400, 0.47 0.45;
5450, 0.47 0.49;
5500, 0.47 0.52;
5550, 0.47 0.52;
5600, 0.47 0.54;
5650, 0.47 0.54;
5700, 0.47 0.56;
5750, 0.47 0.56;
5800, 0.47 0.57;
5850, 0.47 0.57;
5900, 0.47 0.58;
5950, 0.47 0.58;
6000, 0.46 0.58;
6050, 0.46 0.58;
6100, 0.47 0.58;
6150, 0.46 0.58;
6200, 0.46 0.58;
6250, 0.47 0.58;
6300, 0.47 0.58;
6350, 0.46 0.58;
6400, 0.46 0.58;
6450, 0.47 0.58;
6500, 0.47 0.58;
6550, 0.46 0.58;
6600, 0.46 0.58;
6650, 0.47 0.57;
6700, 0.47 0.57;
6750, 0.44 0.54;
6800, 0.4 0.53;
6850, 0.4 0.53;
6900, 0.39 0.54;
6950, 0.39 0.54;
7000, 0.4 0.54;
7050, 0.4 0.54;
7100, 0.39 0.54;
7150, 0.39 0.54;
7200, 0.39 0.55;
7250, 0.39 0.55;
7300, 0.4 0.55;
7350, 0.4 0.55;
7400, 0.39 0.55;
7450, 0.4 0.56;
7500, 0.4 0.56;
7550, 0.39 0.56;
7600, 0.39 0.56;
7650, 0.39 0.56;
7700, 0.39 0.56;
7750, 0.4 0.56;
7800, 0.4 0.56;
7850, 0.39 0.56;
7900, 0.39 0.56;
7950, 0.4 0.56;
8000, 0.4 0.56;
8050, 0.39 0.55;
8100, 0.4 0.55;
8150, 0.4 0.55;
8200, 0.39 0.55;
8250, 0.39 0.55;
8300, 0.4 0.55;
8350, 0.4 0.55;
8400, 0.39 0.55;
8450, 0.39 0.55;
8500, 0.39 0.55;
8550, 0.39 0.55;
8600, 0.4 0.55;
8650, 0.4 0.55;
8700, 0.39 0.55;
8750, 0.4 0.55;
8800, 0.4 0.55;
8850, 0.39 0.56;
8900, 0.39 0.56;
8950, 0.4 0.56;
9000, 0.4 0.56;
9050, 0.39 0.56;
9100, 0.39 0.56;
9150, 0.39 0.56;
9200, 0.39 0.56;
9250, 0.4 0.56;
9300, 0.4 0.56;
9350, 0.38 0.57;
9400, 0.38 0.55;
9450, 0.38 0.55;
9500, 0.37 0.53;
9550, 0.37 0.53;
9600, 0.37 0.51;
9650, 0.37 0.51;
9700, 0.37 0.52;
9750, 0.37 0.52;
9800, 0.36 0.52;
9850, 0.36 0.52;
9900, 0.37 0.53;
9950, 0.37 0.53;
10000, 0.37 0.53;
10050, 0.37 0.54;
10100, 0.37 0.54;
10150, 0.37 0.54;
10200, 0.37 0.54;
10250, 0.37 0.55;
10300, 0.37 0.55;
10350, 0.37 0.55;
10400, 0.37 0.55;
10450, 0.37 0.55;
10500, 0.37 0.55;
10550, 0.36 0.56;
10600, 0.36 0.56;
10650, 0.37 0.56;
10700, 0.36 0.56;
10750, 0.36 0.56;
10800, 0.37 0.56;
10850, 0.37 0.56;
10900, 0.37 0.56;
10950, 0.37 0.56;
11000, 0.37 0.56;
11050, 0.37 0.56;
11100, 0.37 0.54;
11150, 0.37 0.54;
11200, 0.37 0.51;
11250, 0.37 0.51;
11300, 0.37 0.49;
11350, 0.37 0.47;
11400, 0.37 0.47;
11450, 0.36 0.43;
11500, 0.36 0.43;
11550, 0.38 0.37;
11600, 0.38 0.37;
11650, 0.36 0.25;
11700, 0.36 0.25;
11750, 0. 0.;
11800, 0. 0.;
11850, 0. 0.;
11900, 0. 0.;
11950, 0. 0.;
12000, 0. 0.;
12050, 0. 0.;
12100, 0. 0.;
12150, 0. 0.;
12200, 0. 0.;
12250, 0. 0.;
12300, 0. 0.;
12350, 0. 0.;
12400, 0. 0.;
12450, 0. 0.;
12500, 0. 0.;
12550, 0. 0.;
12600, 0. 0.;
12650, 0.26 0.29;
12700, 0.26 0.29;
12750, 0.26 0.38;
12800, 0.26 0.38;
12850, 0.26 0.43;
12900, 0.26 0.43;
12950, 0.26 0.46;
13000, 0.26 0.46;
13050, 0.26 0.49;
13100, 0.26 0.49;
13150, 0.26 0.51;
13200, 0.26 0.51;
13250, 0.26 0.53;
13300, 0.26 0.55;
13350, 0.26 0.55;
13400, 0.27 0.55;
13450, 0.27 0.55;
13500, 0.26 0.56;
13550, 0.26 0.56;
13600, 0.26 0.56;
13650, 0.26 0.56;
13700, 0.26 0.57;
13750, 0.26 0.57;
13800, 0.26 0.57;
13850, 0.26 0.57;
13900, 0.26 0.54;
13950, 0.26 0.48;
14000, 0.26 0.48;
14050, 0.34 0.42;
14100, 0.34 0.42;
14150, 0.35 0.45;
14200, 0.35 0.45;
14250, 0.35 0.47;
14300, 0.35 0.47;
14350, 0.35 0.5;
14400, 0.35 0.5;
14450, 0.35 0.52;
14500, 0.35 0.52;
14550, 0.35 0.54;
14600, 0.35 0.54;
14650, 0.35 0.54;
14700, 0.35 0.55;
14750, 0.35 0.55;
14800, 0.35 0.56;
14850, 0.35 0.56;
14900, 0.35 0.56;
14950, 0.35 0.56;
15000, 0.35 0.57;
15050, 0.35 0.57;
15100, 0.34 0.58;
15150, 0.34 0.58;
15200, 0.35 0.58;
15250, 0.35 0.58;
15300, 0.35 0.58;
15350, 0.35 0.59;
15400, 0.35 0.59;
15450, 0.34 0.59;
15500, 0.34 0.59;
15550, 0.36 0.59;
15600, 0.36 0.59;
15650, 0.35 0.58;
15700, 0.35 0.58;
15750, 0.39 0.57;
15800, 0.39 0.57;
15850, 0.39 0.56;
15900, 0.39 0.55;
15950, 0.39 0.55;
16000, 0.4 0.55;
16050, 0.4 0.55;
16100, 0.39 0.56;
16150, 0.39 0.56;
16200, 0.39 0.56;
16250, 0.39 0.56;
16300, 0.39 0.56;
16350, 0.39 0.56;
16400, 0.39 0.57;
16450, 0.39 0.57;
16500, 0.4 0.57;
16550, 0.39 0.57;
16600, 0.39 0.57;
16650, 0.4 0.58;
16700, 0.4 0.58;
16750, 0.39 0.58;
16800, 0.39 0.58;
16850, 0.39 0.58;
16900, 0.39 0.58;
16950, 0.4 0.59;
17000, 0.4 0.59;
17050, 0.38 0.59;
17100, 0.38 0.59;
17150, 0.4 0.55;
17200, 0.39 0.51;
17250, 0.39 0.51;
17300, 0.5 0.51;
17350, 0.5 0.51;
17400, 0.49 0.53;
17450, 0.49 0.53;
17500, 0.5 0.55;
17550, 0.5 0.55;
17600, 0.49 0.57;
17650, 0.49 0.57;
17700, 0.5 0.58;
17750, 0.5 0.58;
17800, 0.49 0.58;
17850, 0.5 0.59;
17900, 0.5 0.59;
17950, 0.49 0.59;
18000, 0.49 0.59;
18050, 0.5 0.59;
18100, 0.5 0.59;
18150, 0.49 0.59;
18200, 0.49 0.59;
18250, 0.5 0.6;
18300, 0.5 0.6;
18350, 0.49 0.59;
18400, 0.49 0.59;
18450, 0.48 0.58;
18500, 0.46 0.56;
18550, 0.46 0.56;
18600, 0.47 0.54;
18650, 0.47 0.54;
18700, 0.46 0.54;
18750, 0.46 0.54;
18800, 0.47 0.55;
18850, 0.47 0.55;
18900, 0.46 0.56;
18950, 0.46 0.56;
19000, 0.47 0.56;
19050, 0.47 0.56;
19100, 0.46 0.57;
19150, 0.47 0.58;
19200, 0.47 0.58;
19250, 0.46 0.58;
19300, 0.46 0.58;
19350, 0.47 0.58;
19400, 0.47 0.58;
19450, 0.46 0.58;
19500, 0.46 0.58;
19550, 0.47 0.58;
19600, 0.47 0.58;
19650, 0.46 0.58;
19700, 0.46 0.58;
19750, 0.47 0.58;
19800, 0.46 0.58;
19850, 0.46 0.58;
19900, 0.47 0.59;
19950, 0.47 0.59;
20000, 0.46 0.58;
20050, 0.46 0.58;
20100, 0.47 0.59;
20150, 0.47 0.59;
20200, 0.46 0.59;
20250, 0.46 0.59;
20300, 0.47 0.59;
20350, 0.47 0.59;
20400, 0.46 0.59;
20450, 0.47 0.59;
20500, 0.47 0.59;
20550, 0.46 0.6;
20600, 0.46 0.6;
20650, 0.47 0.6;
20700, 0.47 0.6;
20750, 0.46 0.6;
20800, 0.46 0.6;
20850, 0.47 0.57;
20900, 0.47 0.57;
20950, 0.4 0.5;
21000, 0.4 0.5;
21050, 0.4 0.49;
21100, 0.4 0.49;
21150, 0.39 0.49;
21200, 0.39 0.49;
21250, 0.39 0.49;
21300, 0.4 0.5;
21350, 0.4 0.5;
21400, 0.39 0.5;
21450, 0.39 0.5;
21500, 0.4 0.5;
21550, 0.4 0.5;
21600, 0.39 0.51;
21650, 0.39 0.51;
21700, 0.4 0.51;
21750, 0.4 0.51;
21800, 0.39 0.51;
21850, 0.39 0.52;
21900, 0.39 0.52;
21950, 0.39 0.52;
22000, 0.39 0.52;
22050, 0.39 0.53;
22100, 0.39 0.53;
22150, 0.4 0.53;
22200, 0.4 0.53;
22250, 0.39 0.53;
22300, 0.39 0.53;
22350, 0.4 0.54;
22400, 0.4 0.54;
22450, 0.39 0.54;
22500, 0.39 0.54;
22550, 0.39 0.54;
22600, 0.4 0.54;
22650, 0.4 0.54;
22700, 0.39 0.55;
22750, 0.39 0.55;
22800, 0.4 0.55;
22850, 0.4 0.55;
22900, 0.39 0.55;
22950, 0.39 0.55;
23000, 0.39 0.55;
23050, 0.39 0.55;
23100, 0.39 0.55;
23150, 0.39 0.56;
23200, 0.39 0.56;
23250, 0.38 0.56;
23300, 0.38 0.56;
23350, 0.36 0.56;
23400, 0.36 0.56;
23450, 0.37 0.56;
23500, 0.37 0.56;
23550, 0.37 0.56;
23600, 0.37 0.56;
23650, 0.37 0.56;
23700, 0.37 0.56;
23750, 0.37 0.56;
23800, 0.37 0.56;
23850, 0.37 0.56;
23900, 0.37 0.56;
23950, 0.37 0.56;
24000, 0.37 0.56;
24050, 0.37 0.56;
24100, 0.36 0.56;
24150, 0.36 0.56;
24200, 0.37 0.57;
24250, 0.37 0.57;
24300, 0.37 0.57;
24350, 0.37 0.57;
24400, 0.37 0.57;
24450, 0.37 0.57;
24500, 0.37 0.57;
24550, 0.37 0.57;
24600, 0.37 0.57;
24650, 0.37 0.57;
24700, 0.37 0.57;
24750, 0.37 0.57;
24800, 0.37 0.57;
24850, 0.36 0.56;
24900, 0.36 0.56;
24950, 0.37 0.56;
25000, 0.37 0.56;
25050, 0.36 0.56;
25100, 0.36 0.55;
25150, 0.36 0.55;
25200, 0.35 0.54;
25250, 0.35 0.54;
25300, 0.34 0.49;
25350, 0.34 0.49;
25400, 0.35 0.39;
25450, 0.35 0.39;
25500, 0. 0.;
25550, 0. 0.;
25600, 0. 0.;
25650, 0. 0.;
25700, 0. 0.;
25750, 0. 0.;
25800, 0. 0.;
25850, 0. 0.;
25900, 0. 0.;
25950, 0. 0.;
26000, 0. 0.;
26050, 0. 0.;
26100, 0. 0.;
26150, 0. 0.;
26200, 0. 0.;
26250, 0. 0.;
26300, 0. 0.;
26350, 0. 0.;
26400, 0. 0.;
26450, 0. 0.;
26500, 0. 0.;
26550, 0. 0.;
26600, 0. 0.;
26650, 0. 0.;
26700, 0. 0.;
26750, 0. 0.;
26800, 0. 0.;
26850, 0. 0.;
26900, 0. 0.;
26950, 0. 0.;
27000, 0.81 0.26;
27050, 0.81 0.34;
27100, 0.81 0.34;
27150, 0.81 0.37;
27200, 0.81 0.37;
27250, 0.81 0.4;
27300, 0.81 0.4;
27350, 0.81 0.42;
27400, 0.81 0.42;
27450, 0.81 0.44;
27500, 0.81 0.44;
27550, 0.81 0.45;
27600, 0.81 0.45;
27650, 0.81 0.46;
27700, 0.82 0.46;
27750, 0.82 0.46;
27800, 0.81 0.47;
27850, 0.81 0.47;
27900, 0.82 0.47;
27950, 0.82 0.47;
28000, 0.81 0.47;
28050, 0.81 0.47;
28100, 0.82 0.47;
28150, 0.82 0.47;
28200, 0.81 0.48;
28250, 0.81 0.48;
28300, 0.82 0.48;
28350, 0.82 0.48;
28400, 0.82 0.48;
28450, 0.82 0.48;
28500, 0.82 0.48;
28550, 0.82 0.49;
28600, 0.82 0.49;
28650, 0.82 0.49;
28700, 0.82 0.49;
28750, 0.83 0.49;
28800, 0.83 0.49;
28850, 0.82 0.49;
28900, 0.82 0.49;
28950, 0.84 0.49;
29000, 0.82 0.5;
29050, 0.82 0.5;
29100, 0.84 0.5;
29150, 0.84 0.5;
29200, 0.82 0.5;
29250, 0.82 0.5;
29300, 0.85 0.49;
29350, 0.85 0.49;
29400, 0.82 0.47;
29450, 0.82 0.47;
29500, 0.84 0.45;
29550, 0.84 0.45;
29600, 0.82 0.41;
29650, 0.82 0.37;
29700, 0.82 0.37;
29750, 0.68 0.32;
29800, 0.68 0.32;
29850, 0.7 0.34;
29900, 0.7 0.34;
29950, 0.68 0.37;
30000, 0.68 0.37;
30050, 0.7 0.39;
30100, 0.7 0.39;
30150, 0.68 0.4;
30200, 0.68 0.4;
30250, 0.7 0.42;
30300, 0.7 0.42;
30350, 0.7 0.42;
30400, 0.69 0.42;
30450, 0.69 0.42;
30500, 0.71 0.43;
30550, 0.71 0.43;
30600, 0.68 0.43;
30650, 0.68 0.43;
30700, 0.7 0.43;
30750, 0.7 0.43;
30800, 0.68 0.44;
30850, 0.68 0.44;
30900, 0.7 0.44;
30950, 0.67 0.44;
31000, 0.67 0.44;
31050, 0.69 0.45;
31100, 0.69 0.45;
31150, 0.69 0.45;
31200, 0.69 0.45;
31250, 0.68 0.45;
31300, 0.68 0.45;
31350, 0.7 0.46;
31400, 0.7 0.46;
31450, 0.68 0.46;
31500, 0.68 0.46;
31550, 0.7 0.47;
31600, 0.67 0.47;
31650, 0.67 0.47;
31700, 0.69 0.48;
31750, 0.69 0.48;
31800, 0.67 0.48;
31850, 0.67 0.48;
31900, 0.68 0.48;
31950, 0.68 0.48;
32000, 0.67 0.49;
32050, 0.67 0.49;
32100, 0.68 0.48;
32150, 0.68 0.48;
32200, 0.67 0.45;
32250, 0.66 0.42;
32300, 0.66 0.42;
32350, 0.68 0.38;
32400, 0.68 0.38;
32450, 0.66 0.31;
32500, 0.66 0.31;
32550, 0.69 0.25;
32600, 0.69 0.25;
