-0.054321 0.566877 -9.093004 -0.284552 0.288049 -0.914361 0.100000 0.200000
-0.069781 0.571336 -9.876215 0.040139 0.247398 -0.968083 0.100000 0.200000
-0.229693 0.511680 -9.571901 -0.146215 0.010887 -0.989193 0.100000 0.200000
-0.223681 0.536957 -10.203900 -0.242013 0.137408 -0.960494 0.100000 0.200000
-0.340040 0.550547 -11.053740 -0.048555 0.175002 -0.983371 0.100000 0.200000
-0.564986 0.556605 -11.784980 -0.334923 0.170959 -0.926607 0.100000 0.200000
-0.496569 0.577180 -12.595740 0.063806 0.150390 -0.986566 0.100000 0.200000
-0.781695 0.571833 -13.309130 -0.341044 0.142309 -0.929213 0.100000 0.200000
-0.761797 0.581025 -14.107670 0.050513 0.130490 -0.990163 0.100000 0.200000
-0.772522 0.618734 -14.859210 -0.123096 0.171513 -0.977462 0.100000 0.200000
-0.252414 0.715238 -15.552740 0.446003 0.177633 -0.877229 0.100000 0.200000
-0.251426 0.769018 -16.337270 0.030271 0.196757 -0.979985 0.100000 0.200000
-0.023177 0.857238 -17.106200 0.345386 0.205136 -0.915767 0.100000 0.200000
0.009855 0.935760 -17.880780 -0.000133 0.208900 -0.977937 0.100000 0.200000
0.243927 0.970086 -18.641750 0.338191 0.212880 -0.916684 0.100000 0.200000
0.273378 0.998623 -19.413830 -0.005484 0.210274 -0.977628 0.100000 0.200000
0.600851 1.005558 -20.142400 0.414062 0.160285 -0.896026 0.100000 0.200000
0.751592 0.993951 -20.869830 0.134848 0.139609 -0.980983 0.100000 0.200000
1.026331 0.999755 -21.622010 0.404445 0.142517 -0.903389 0.100000 0.200000
1.143941 0.997371 -22.382040 0.097264 0.140189 -0.985337 0.100000 0.200000
1.474539 0.994388 -23.117720 0.436548 0.120771 -0.891538 0.100000 0.200000
1.455393 1.021186 -23.904010 -0.020854 0.182558 -0.982974 0.100000 0.200000
1.260727 1.160103 -24.690680 0.054792 0.282339 -0.957749 0.100000 0.200000
1.083762 1.302205 -25.431160 -0.268036 0.305667 -0.913633 0.100000 0.200000
1.208397 1.435154 -26.223380 0.151213 0.285813 -0.946280 0.100000 0.200000
1.135002 1.502320 -26.970600 -0.164449 0.221986 -0.961082 0.100000 0.200000
1.258332 1.540677 -27.757540 0.189876 0.166631 -0.967565 0.100000 0.200000
1.169573 1.563953 -28.519940 -0.152254 0.172383 -0.973192 0.100000 0.200000
1.501436 1.559078 -29.275790 0.342971 0.140592 -0.928765 0.100000 0.200000
1.524117 1.567074 -30.055010 -0.011105 0.173225 -0.984820 0.100000 0.200000
1.737134 1.638913 -30.835030 0.313910 0.201138 -0.927903 0.100000 0.200000
1.584012 1.716174 -31.605360 -0.159024 0.213421 -0.963931 0.100000 0.200000
1.284061 1.799888 -32.342970 -0.115609 0.219750 -0.968682 0.100000 0.200000
0.942420 1.871519 -33.039240 -0.442787 0.228680 -0.866975 0.100000 0.200000
0.952459 1.930037 -33.841790 -0.010214 0.215211 -0.976515 0.100000 0.200000
0.731378 1.988479 -34.572620 -0.334602 0.218240 -0.916741 0.100000 0.200000
0.371421 2.085176 -35.252700 -0.253683 0.232974 -0.938812 0.100000 0.200000
-0.074470 2.167248 -35.878010 -0.572157 0.190851 -0.797630 0.100000 0.200000
-0.193125 2.214742 -36.685970 -0.156293 0.178169 -0.971509 0.100000 0.200000
-0.347491 2.245560 -37.421640 -0.333512 0.186615 -0.924092 0.100000 0.200000
-0.196763 2.288928 -38.236030 0.124728 0.184062 -0.974970 0.100000 0.200000
-0.549001 2.290627 -38.945780 -0.385056 0.184284 -0.904308 0.100000 0.200000
-0.756451 2.266247 -39.691960 -0.149810 0.123361 -0.980989 0.100000 0.200000
-0.885514 2.295814 -40.424270 -0.300376 0.161394 -0.940067 0.100000 0.200000
-0.599068 2.364040 -41.223720 0.254887 0.200638 -0.945927 0.100000 0.200000
-0.597552 2.422270 -41.993260 -0.074548 0.209232 -0.975021 0.100000 0.200000
-0.445362 2.475682 -42.772940 0.250657 0.198023 -0.947607 0.100000 0.200000
-0.520540 2.519764 -43.545450 -0.120595 0.193754 -0.973610 0.100000 0.200000
-0.393887 2.566403 -44.331290 0.211587 0.171566 -0.962183 0.100000 0.200000
-0.471688 2.604590 -45.106510 -0.137277 0.191505 -0.971845 0.100000 0.200000
-0.341707 2.666515 -45.893910 0.208728 0.202278 -0.956826 0.100000 0.200000
