0, 0. 0.;
50, 0. 0.;
100, 0. 0.4;
150, 0. 0.4;
200, 0. 0.56;
250, 0. 0.56;
300, 0. 0.58;
350, 0. 0.58;
400, 0.04 0.6;
450, 0. 0.58;
500, 0. 0.58;
550, 0. 0.56;
600, 0. 0.56;
650, 0. 0.66;
700, 0. 0.66;
750, 0. 0.64;
800, 0. 0.64;
850, 0.13 0.59;
900, 0.13 0.59;
950, 0.07 0.55;
1000, 0.07 0.55;
1050, 0.06 0.55;
1100, 0.03 0.56;
1150, 0.03 0.56;
1200, 0. 0.56;
1250, 0. 0.56;
1300, 0. 0.55;
1350, 0. 0.55;
1400, 0. 0.56;
1450, 0. 0.56;
1500, 0.16 0.61;
1550, 0.16 0.61;
1600, 0.12 0.61;
1650, 0.12 0.61;
1700, 0. 0.57;
1750, 0.02 0.65;
1800, 0.02 0.65;
1850, 0.08 0.63;
1900, 0.08 0.63;
1950, 0. 0.66;
2000, 0. 0.66;
2050, 0.02 0.66;
2100, 0.02 0.66;
2150, 0.05 0.6;
2200, 0.05 0.6;
2250, 0.02 0.65;
2300, 0.02 0.65;
2350, 0. 0.64;
2400, 0.02 0.64;
2450, 0.02 0.64;
2500, 0.02 0.63;
2550, 0.02 0.63;
2600, 0.04 0.57;
2650, 0.04 0.57;
2700, 0.03 0.63;
2750, 0.03 0.63;
2800, 0. 0.58;
2850, 0. 0.58;
2900, 0.02 0.62;
2950, 0.02 0.62;
3000, 0. 0.62;
3050, 0.02 0.65;
3100, 0.02 0.65;
3150, 0.02 0.65;
3200, 0.02 0.65;
3250, 0. 0.64;
3300, 0. 0.64;
3350, 0. 0.58;
3400, 0. 0.58;
3450, 0. 0.65;
3500, 0. 0.65;
3550, 0.02 0.66;
3600, 0.02 0.66;
3650, 0.03 0.61;
3700, 0. 0.63;
3750, 0. 0.63;
3800, 0.02 0.58;
3850, 0.02 0.58;
3900, 0. 0.66;
3950, 0. 0.66;
4000, 0.02 0.65;
4050, 0.02 0.65;
4100, 0. 0.58;
4150, 0. 0.58;
4200, 0.05 0.54;
4250, 0.05 0.54;
4300, 0. 0.56;
4350, 0.06 0.64;
4400, 0.06 0.64;
4450, 0.04 0.56;
4500, 0.04 0.56;
4550, 0. 0.55;
4600, 0. 0.55;
4650, 0. 0.58;
4700, 0. 0.58;
4750, 0.03 0.64;
4800, 0.03 0.64;
4850, 0.1 0.63;
4900, 0.1 0.63;
4950, 0.04 0.6;
5000, 0.02 0.58;
5050, 0.02 0.58;
5100, 0. 0.66;
5150, 0. 0.66;
5200, 0.04 0.64;
5250, 0.04 0.64;
5300, 0.04 0.59;
5350, 0.04 0.59;
5400, 0.11 0.55;
5450, 0.11 0.55;
5500, 0. 0.56;
5550, 0. 0.56;
5600, 0.15 0.63;
5650, 0.02 0.65;
5700, 0.02 0.65;
5750, 0. 0.64;
5800, 0. 0.64;
5850, 0. 0.63;
5900, 0. 0.63;
5950, 0.02 0.64;
6000, 0.02 0.64;
6050, 0.03 0.62;
6100, 0.03 0.62;
6150, 0.02 0.58;
6200, 0.02 0.58;
6250, 0.03 0.61;
6300, 0. 0.61;
6350, 0. 0.61;
6400, 0.03 0.62;
6450, 0.03 0.62;
6500, 0.03 0.62;
6550, 0.03 0.62;
6600, 0.03 0.62;
6650, 0.03 0.62;
6700, 0.03 0.62;
6750, 0.03 0.62;
6800, 0.03 0.62;
6850, 0.03 0.62;
6900, 0.03 0.62;
6950, 0.03 0.62;
7000, 0.03 0.62;
7050, 0.03 0.61;
7100, 0.03 0.61;
7150, 0.03 0.62;
7200, 0.03 0.62;
7250, 0.03 0.61;
7300, 0.03 0.61;
7350, 0.03 0.61;
7400, 0.03 0.61;
7450, 0.03 0.61;
7500, 0.03 0.61;
7550, 0.03 0.61;
7600, 0.03 0.61;
7650, 0.03 0.61;
7700, 0.03 0.6;
7750, 0.03 0.6;
7800, 0.03 0.61;
7850, 0.03 0.61;
7900, 0.03 0.59;
7950, 0.03 0.59;
8000, 0.03 0.56;
8050, 0.03 0.56;
8100, 0. 0.39;
8150, 0. 0.39;
8200, 0. 0.29;
8250, 0. 0.2;
8300, 0. 0.2;
8350, 0.05 0.47;
8400, 0.05 0.47;
8450, 0.05 0.58;
8500, 0.05 0.58;
8550, 0. 0.63;
8600, 0. 0.63;
8650, 0.02 0.65;
8700, 0.02 0.65;
8750, 0.04 0.62;
8800, 0.04 0.62;
8850, 0.05 0.59;
8900, 0.07 0.59;
8950, 0.07 0.59;
9000, 0.09 0.6;
9050, 0.09 0.6;
9100, 0.1 0.6;
9150, 0.1 0.6;
9200, 0.11 0.6;
9250, 0.11 0.6;
9300, 0.1 0.61;
9350, 0.1 0.61;
9400, 0.11 0.6;
9450, 0.11 0.6;
9500, 0.11 0.6;
9550, 0.11 0.59;
9600, 0.11 0.59;
9650, 0.1 0.61;
9700, 0.1 0.61;
9750, 0.11 0.6;
9800, 0.11 0.6;
9850, 0.1 0.6;
9900, 0.1 0.6;
9950, 0.11 0.59;
10000, 0.11 0.59;
10050, 0.1 0.6;
10100, 0.1 0.6;
10150, 0.11 0.6;
10200, 0.11 0.59;
10250, 0.11 0.59;
10300, 0.11 0.62;
10350, 0.11 0.62;
10400, 0.1 0.61;
10450, 0.1 0.61;
10500, 0.11 0.6;
10550, 0.11 0.6;
10600, 0.1 0.61;
10650, 0.1 0.61;
10700, 0.11 0.59;
10750, 0.11 0.59;
10800, 0.1 0.61;
10850, 0.1 0.58;
10900, 0.1 0.58;
10950, 0.1 0.47;
11000, 0.1 0.47;
11050, 0.1 0.32;
11100, 0.1 0.32;
11150, 0.1 0.25;
11200, 0.1 0.25;
11250, 0.1 0.18;
11300, 0.1 0.18;
11350, 0. 0.15;
11400, 0. 0.15;
11450, 0. 0.14;
11500, 0.02 0.48;
11550, 0.02 0.48;
11600, 0.04 0.61;
11650, 0.04 0.61;
11700, 0.05 0.59;
11750, 0.05 0.59;
11800, 0.06 0.6;
11850, 0.06 0.6;
11900, 0.07 0.6;
11950, 0.07 0.6;
12000, 0.07 0.58;
12050, 0.07 0.58;
12100, 0.08 0.59;
12150, 0.08 0.6;
12200, 0.08 0.6;
12250, 0.08 0.6;
12300, 0.08 0.6;
12350, 0.08 0.6;
12400, 0.08 0.6;
12450, 0.09 0.6;
12500, 0.09 0.6;
12550, 0.09 0.6;
12600, 0.09 0.6;
12650, 0.09 0.61;
12700, 0.09 0.61;
12750, 0.09 0.6;
12800, 0.09 0.6;
12850, 0.09 0.6;
12900, 0.09 0.6;
12950, 0.09 0.6;
13000, 0.09 0.6;
13050, 0.09 0.6;
13100, 0.09 0.6;
13150, 0.09 0.6;
13200, 0.09 0.6;
13250, 0.09 0.6;
13300, 0.08 0.6;
13350, 0.08 0.6;
13400, 0.08 0.6;
13450, 0.09 0.6;
13500, 0.09 0.6;
13550, 0.06 0.6;
13600, 0.06 0.6;
13650, 0.05 0.59;
13700, 0.05 0.59;
13750, 0. 0.62;
13800, 0. 0.62;
13850, 0.02 0.59;
13900, 0.02 0.59;
13950, 0.02 0.61;
14000, 0.02 0.61;
14050, 0.02 0.62;
14100, 0. 0.56;
14150, 0. 0.56;
14200, 0. 0.61;
14250, 0. 0.61;
14300, 0.03 0.63;
14350, 0.03 0.63;
14400, 0.03 0.62;
14450, 0.03 0.62;
14500, 0.02 0.61;
14550, 0.02 0.61;
14600, 0.04 0.62;
14650, 0.04 0.62;
14700, 0.09 0.6;
14750, 0.14 0.61;
14800, 0.14 0.61;
14850, 0.17 0.61;
14900, 0.17 0.61;
14950, 0.19 0.61;
15000, 0.19 0.61;
15050, 0.2 0.62;
15100, 0.2 0.62;
15150, 0.2 0.64;
15200, 0.2 0.64;
15250, 0.2 0.63;
15300, 0.2 0.63;
15350, 0.2 0.62;
15400, 0.2 0.62;
15450, 0.2 0.62;
15500, 0.2 0.62;
15550, 0.2 0.62;
15600, 0.2 0.63;
15650, 0.2 0.63;
15700, 0.2 0.62;
15750, 0.2 0.62;
15800, 0.2 0.63;
15850, 0.2 0.63;
15900, 0.2 0.63;
15950, 0.2 0.63;
16000, 0.2 0.63;
16050, 0.2 0.63;
16100, 0.2 0.63;
16150, 0.2 0.62;
16200, 0.2 0.62;
16250, 0.2 0.6;
16300, 0.2 0.6;
16350, 0.2 0.44;
16400, 0.2 0.44;
16450, 0.2 0.36;
16500, 0.2 0.36;
16550, 0.2 0.25;
16600, 0.2 0.25;
16650, 0.2 0.22;
16700, 0.2 0.22;
16750, 0. 0.15;
16800, 0. 0.15;
16850, 0. 0.15;
16900, 0. 0.15;
16950, 0. 0.15;
17000, 0. 0.15;
17050, 0. 0.15;
17100, 0. 0.14;
17150, 0. 0.14;
17200, 0. 0.15;
17250, 0. 0.15;
17300, 0. 0.15;
17350, 0. 0.15;
17400, 0. 0.15;
17450, 0. 0.15;
17500, 0. 0.15;
17550, 0. 0.14;
17600, 0. 0.14;
17650, 0. 0.15;
17700, 0. 0.15;
17750, 0. 0.14;
17800, 0. 0.14;
17850, 0. 0.15;
17900, 0. 0.15;
17950, 0.23 0.39;
18000, 0.23 0.39;
18050, 0.23 0.46;
18100, 0.23 0.5;
18150, 0.23 0.5;
18200, 0.23 0.53;
18250, 0.23 0.53;
18300, 0.23 0.55;
18350, 0.23 0.55;
18400, 0.23 0.56;
18450, 0.23 0.56;
18500, 0.23 0.57;
18550, 0.23 0.57;
18600, 0.23 0.57;
18650, 0.23 0.57;
18700, 0.23 0.57;
18750, 0.23 0.57;
18800, 0.23 0.57;
18850, 0.22 0.57;
18900, 0.22 0.57;
18950, 0.22 0.57;
19000, 0.22 0.57;
19050, 0.22 0.57;
19100, 0.22 0.57;
19150, 0.22 0.58;
19200, 0.22 0.58;
19250, 0.22 0.58;
19300, 0.22 0.58;
19350, 0.22 0.58;
19400, 0.22 0.57;
19450, 0.22 0.57;
19500, 0.22 0.57;
19550, 0.22 0.57;
19600, 0.22 0.57;
19650, 0.22 0.57;
19700, 0.22 0.58;
19750, 0.22 0.58;
19800, 0.22 0.57;
19850, 0.22 0.57;
19900, 0.22 0.57;
19950, 0.22 0.57;
20000, 0.22 0.56;
20050, 0.22 0.55;
20100, 0.22 0.55;
20150, 0.22 0.56;
20200, 0.22 0.56;
20250, 0.22 0.57;
20300, 0.22 0.57;
20350, 0.22 0.57;
20400, 0.22 0.57;
20450, 0.22 0.57;
20500, 0.22 0.57;
20550, 0.22 0.56;
20600, 0.22 0.56;
20650, 0.22 0.56;
20700, 0.22 0.56;
20750, 0.22 0.56;
20800, 0.22 0.56;
20850, 0.22 0.56;
20900, 0.22 0.56;
20950, 0.22 0.56;
21000, 0.22 0.56;
21050, 0.22 0.56;
21100, 0.22 0.57;
21150, 0.22 0.57;
21200, 0.22 0.57;
21250, 0.22 0.57;
21300, 0.22 0.58;
21350, 0.22 0.58;
21400, 0.22 0.58;
21450, 0.22 0.57;
21500, 0.22 0.57;
21550, 0.22 0.56;
21600, 0.22 0.56;
21650, 0.22 0.57;
21700, 0.22 0.57;
21750, 0.21 0.57;
21800, 0.21 0.57;
21850, 0.21 0.57;
21900, 0.21 0.57;
21950, 0.21 0.62;
22000, 0.21 0.62;
22050, 0.21 0.62;
22100, 0.2 0.61;
22150, 0.2 0.61;
22200, 0.2 0.61;
22250, 0.2 0.61;
22300, 0.2 0.61;
22350, 0.2 0.61;
22400, 0.2 0.59;
22450, 0.2 0.59;
22500, 0.2 0.59;
22550, 0.2 0.59;
22600, 0.2 0.59;
22650, 0.2 0.6;
22700, 0.2 0.6;
22750, 0.2 0.6;
22800, 0.2 0.6;
22850, 0.2 0.61;
22900, 0.2 0.61;
22950, 0.21 0.61;
23000, 0.21 0.61;
23050, 0.21 0.61;
23100, 0.21 0.61;
23150, 0.21 0.61;
23200, 0.21 0.61;
23250, 0.21 0.6;
23300, 0.21 0.6;
23350, 0.21 0.6;
23400, 0.21 0.6;
23450, 0.21 0.6;
23500, 0.21 0.6;
23550, 0.21 0.6;
23600, 0.21 0.59;
23650, 0.21 0.59;
23700, 0.21 0.59;
23750, 0.21 0.59;
23800, 0.21 0.58;
23850, 0.21 0.58;
23900, 0.21 0.59;
23950, 0.21 0.59;
24000, 0.21 0.59;
24050, 0.21 0.59;
24100, 0.21 0.59;
24150, 0.21 0.58;
24200, 0.21 0.58;
24250, 0.21 0.58;
24300, 0.21 0.58;
24350, 0.21 0.58;
24400, 0.21 0.58;
24450, 0.21 0.57;
24500, 0.21 0.57;
24550, 0.21 0.57;
24600, 0.21 0.57;
24650, 0.21 0.57;
24700, 0.21 0.56;
24750, 0.21 0.56;
24800, 0.21 0.56;
24850, 0.21 0.56;
24900, 0.21 0.56;
24950, 0.21 0.56;
25000, 0.21 0.56;
25050, 0.21 0.56;
25100, 0.21 0.56;
25150, 0.21 0.56;
25200, 0.21 0.55;
25250, 0.2 0.55;
25300, 0.2 0.55;
25350, 0.2 0.54;
25400, 0.2 0.54;
25450, 0.2 0.54;
25500, 0.2 0.54;
25550, 0.2 0.54;
25600, 0.2 0.54;
25650, 0.2 0.55;
25700, 0.2 0.55;
25750, 0.2 0.55;
25800, 0.2 0.55;
25850, 0.2 0.56;
25900, 0.21 0.56;
25950, 0.21 0.56;
26000, 0.21 0.57;
26050, 0.21 0.57;
26100, 0.2 0.57;
26150, 0.2 0.57;
26200, 0.2 0.58;
26250, 0.2 0.58;
26300, 0.2 0.58;
26350, 0.2 0.58;
26400, 0.2 0.58;
26450, 0.2 0.58;
26500, 0.2 0.58;
26550, 0.2 0.58;
26600, 0.2 0.58;
26650, 0.2 0.58;
26700, 0.2 0.58;
26750, 0.2 0.59;
26800, 0.2 0.59;
26850, 0.2 0.58;
26900, 0.2 0.58;
26950, 0.2 0.59;
27000, 0.2 0.59;
27050, 0.2 0.59;
27100, 0.2 0.59;
27150, 0.2 0.59;
27200, 0.2 0.58;
27250, 0.2 0.58;
27300, 0.2 0.59;
27350, 0.2 0.59;
27400, 0.2 0.59;
27450, 0.2 0.59;
27500, 0.2 0.59;
27550, 0.2 0.59;
27600, 0.2 0.59;
27650, 0.2 0.59;
27700, 0.2 0.6;
27750, 0.2 0.6;
27800, 0.2 0.59;
27850, 0.2 0.6;
27900, 0.2 0.6;
27950, 0.2 0.59;
28000, 0.2 0.59;
28050, 0.2 0.6;
28100, 0.2 0.6;
28150, 0.21 0.6;
28200, 0.21 0.6;
28250, 0.2 0.6;
28300, 0.2 0.6;
28350, 0.21 0.6;
28400, 0.21 0.6;
28450, 0.2 0.6;
28500, 0.21 0.6;
28550, 0.21 0.6;
28600, 0.2 0.59;
28650, 0.2 0.59;
28700, 0.21 0.59;
28750, 0.21 0.59;
28800, 0.2 0.6;
28850, 0.2 0.6;
28900, 0.21 0.59;
28950, 0.21 0.59;
29000, 0.2 0.6;
29050, 0.2 0.6;
29100, 0.21 0.58;
29150, 0.21 0.6;
29200, 0.21 0.6;
29250, 0.21 0.58;
29300, 0.21 0.58;
29350, 0.21 0.6;
29400, 0.21 0.6;
29450, 0.21 0.58;
29500, 0.21 0.58;
29550, 0.21 0.61;
29600, 0.21 0.61;
29650, 0.21 0.59;
29700, 0.21 0.59;
29750, 0.21 0.61;
29800, 0.21 0.6;
29850, 0.21 0.6;
29900, 0.21 0.62;
29950, 0.21 0.62;
30000, 0.21 0.61;
30050, 0.21 0.61;
30100, 0.21 0.62;
30150, 0.21 0.62;
30200, 0.21 0.61;
30250, 0.21 0.61;
30300, 0.21 0.62;
30350, 0.21 0.62;
30400, 0.21 0.61;
30450, 0.21 0.61;
30500, 0.21 0.61;
30550, 0.21 0.62;
30600, 0.21 0.62;
30650, 0.21 0.57;
30700, 0.21 0.57;
30750, 0.21 0.62;
30800, 0.21 0.62;
30850, 0.21 0.57;
30900, 0.21 0.57;
30950, 0.21 0.62;
31000, 0.21 0.62;
31050, 0.21 0.57;
31100, 0.21 0.62;
31150, 0.21 0.62;
31200, 0.22 0.58;
31250, 0.22 0.58;
31300, 0.21 0.58;
31350, 0.21 0.58;
31400, 0.21 0.6;
31450, 0.21 0.6;
31500, 0.2 0.6;
31550, 0.2 0.6;
31600, 0.19 0.49;
31650, 0.19 0.49;
31700, 0.2 0.37;
31750, 0. 0.24;
31800, 0. 0.24;
31850, 0.2 0.22;
31900, 0.2 0.22;
31950, 0. 0.16;
32000, 0. 0.16;
32050, 0. 0.15;
32100, 0. 0.15;
32150, 0. 0.14;
32200, 0. 0.14;
32250, 0. 0.15;
32300, 0. 0.15;
32350, 0. 0.14;
32400, 0.32 0.49;
32450, 0.32 0.49;
32500, 0.34 0.57;
32550, 0.34 0.57;
32600, 0.34 0.56;
32650, 0.34 0.56;
32700, 0.35 0.59;
32750, 0.35 0.59;
32800, 0.35 0.59;
32850, 0.35 0.59;
32900, 0.35 0.59;
32950, 0.35 0.59;
33000, 0.35 0.59;
33050, 0.35 0.6;
33100, 0.35 0.6;
33150, 0.35 0.59;
33200, 0.35 0.59;
33250, 0.35 0.59;
33300, 0.35 0.59;
33350, 0.34 0.58;
33400, 0.34 0.58;
33450, 0.33 0.57;
33500, 0.33 0.57;
33550, 0.33 0.57;
33600, 0.33 0.57;
33650, 0.34 0.58;
33700, 0.34 0.58;
33750, 0.34 0.58;
33800, 0.34 0.57;
33850, 0.34 0.57;
33900, 0.33 0.58;
33950, 0.33 0.58;
34000, 0.33 0.58;
34050, 0.33 0.58;
34100, 0.33 0.58;
34150, 0.33 0.58;
34200, 0.33 0.58;
34250, 0.33 0.58;
34300, 0.32 0.57;
34350, 0.32 0.56;
34400, 0.32 0.56;
34450, 0.32 0.53;
34500, 0.32 0.53;
34550, 0.31 0.57;
34600, 0.31 0.57;
34650, 0.32 0.53;
34700, 0.32 0.53;
34750, 0.32 0.55;
34800, 0.32 0.55;
34850, 0.32 0.56;
34900, 0.32 0.56;
34950, 0.32 0.52;
35000, 0.32 0.55;
35050, 0.32 0.55;
35100, 0.32 0.51;
35150, 0.32 0.51;
35200, 0.32 0.56;
35250, 0.32 0.56;
35300, 0.32 0.54;
35350, 0.32 0.54;
35400, 0.32 0.56;
35450, 0.32 0.56;
35500, 0.32 0.54;
35550, 0.32 0.54;
35600, 0.32 0.54;
35650, 0.32 0.55;
35700, 0.32 0.55;
35750, 0.32 0.54;
35800, 0.32 0.54;
35850, 0.32 0.55;
35900, 0.32 0.55;
35950, 0.32 0.54;
36000, 0.32 0.54;
36050, 0.32 0.54;
36100, 0.32 0.54;
36150, 0.32 0.55;
36200, 0.32 0.55;
36250, 0.32 0.54;
36300, 0.32 0.53;
36350, 0.32 0.53;
36400, 0.32 0.53;
36450, 0.32 0.53;
36500, 0.32 0.53;
36550, 0.32 0.53;
36600, 0.32 0.54;
36650, 0.32 0.54;
36700, 0.32 0.53;
36750, 0.32 0.53;
36800, 0.32 0.53;
36850, 0.32 0.53;
36900, 0.32 0.56;
36950, 0.31 0.57;
37000, 0.31 0.57;
37050, 0.31 0.57;
37100, 0.31 0.57;
37150, 0.31 0.57;
37200, 0.31 0.57;
37250, 0.31 0.57;
37300, 0.31 0.57;
37350, 0.31 0.58;
37400, 0.31 0.58;
37450, 0.31 0.59;
37500, 0.31 0.59;
37550, 0.31 0.59;
37600, 0.31 0.57;
37650, 0.31 0.57;
37700, 0.31 0.58;
37750, 0.31 0.58;
37800, 0.31 0.58;
37850, 0.31 0.58;
37900, 0.31 0.58;
37950, 0.31 0.58;
38000, 0.31 0.57;
38050, 0.31 0.57;
38100, 0.31 0.58;
38150, 0.31 0.58;
38200, 0.31 0.58;
38250, 0.31 0.59;
38300, 0.31 0.59;
38350, 0.31 0.58;
38400, 0.31 0.58;
38450, 0.31 0.58;
38500, 0.31 0.58;
38550, 0.31 0.59;
38600, 0.31 0.59;
38650, 0.32 0.56;
38700, 0.32 0.56;
38750, 0.31 0.57;
38800, 0.31 0.57;
38850, 0.31 0.58;
38900, 0.31 0.57;
38950, 0.31 0.57;
39000, 0.32 0.57;
39050, 0.32 0.57;
39100, 0.31 0.58;
39150, 0.31 0.58;
39200, 0.32 0.57;
39250, 0.32 0.57;
39300, 0.31 0.57;
39350, 0.31 0.57;
39400, 0.31 0.58;
39450, 0.31 0.58;
39500, 0.31 0.57;
39550, 0.31 0.58;
39600, 0.31 0.58;
39650, 0.31 0.58;
39700, 0.31 0.58;
39750, 0.31 0.57;
39800, 0.31 0.57;
39850, 0.31 0.45;
39900, 0.31 0.45;
39950, 0.31 0.3;
40000, 0.31 0.3;
40050, 0.31 0.27;
40100, 0.31 0.27;
40150, 0.31 0.2;
40200, 0. 0.15;
40250, 0. 0.15;
40300, 0. 0.15;
40350, 0. 0.15;
40400, 0. 0.15;
40450, 0. 0.15;
40500, 0. 0.15;
40550, 0. 0.15;
40600, 0. 0.15;
40650, 0. 0.15;
40700, 0. 0.15;
40750, 0. 0.15;
40800, 0. 0.14;
40850, 0. 0.15;
40900, 0. 0.15;
40950, 0. 0.14;
41000, 0. 0.14;
41050, 0. 0.15;
41100, 0. 0.15;
41150, 0. 0.16;
41200, 0. 0.16;
41250, 0. 0.16;
41300, 0. 0.16;
41350, 0. 0.14;
41400, 0. 0.14;
41450, 0. 0.14;
41500, 0.17 0.28;
41550, 0.17 0.28;
41600, 0.17 0.39;
41650, 0.17 0.39;
41700, 0.17 0.46;
41750, 0.17 0.46;
41800, 0.17 0.51;
41850, 0.17 0.51;
41900, 0.17 0.55;
41950, 0.17 0.55;
42000, 0.17 0.57;
42050, 0.17 0.57;
42100, 0.17 0.58;
42150, 0.16 0.6;
42200, 0.16 0.6;
42250, 0.17 0.6;
42300, 0.17 0.6;
42350, 0.16 0.62;
42400, 0.16 0.62;
42450, 0.17 0.61;
42500, 0.17 0.61;
42550, 0.16 0.63;
42600, 0.16 0.63;
42650, 0.16 0.63;
42700, 0.16 0.63;
42750, 0.16 0.63;
42800, 0.16 0.64;
42850, 0.16 0.64;
42900, 0.16 0.64;
42950, 0.16 0.64;
43000, 0.16 0.64;
43050, 0.16 0.64;
43100, 0.16 0.63;
43150, 0.16 0.63;
43200, 0.16 0.64;
43250, 0.16 0.64;
43300, 0.16 0.63;
43350, 0.16 0.63;
43400, 0.17 0.63;
43450, 0.16 0.64;
43500, 0.16 0.64;
43550, 0.17 0.64;
43600, 0.17 0.64;
43650, 0.16 0.63;
43700, 0.16 0.63;
43750, 0.16 0.63;
43800, 0.16 0.63;
43850, 0.16 0.63;
43900, 0.16 0.63;
43950, 0.16 0.64;
44000, 0.16 0.64;
44050, 0.16 0.63;
44100, 0.16 0.63;
44150, 0.16 0.65;
44200, 0.16 0.65;
44250, 0.16 0.65;
44300, 0.16 0.65;
44350, 0.16 0.65;
44400, 0.16 0.64;
44450, 0.16 0.64;
44500, 0.16 0.65;
44550, 0.16 0.65;
44600, 0.16 0.64;
44650, 0.16 0.64;
44700, 0.16 0.65;
44750, 0.16 0.65;
44800, 0.16 0.64;
44850, 0.17 0.63;
44900, 0.17 0.63;
44950, 0.17 0.63;
45000, 0.17 0.63;
45050, 0.16 0.65;
45100, 0.16 0.65;
45150, 0.17 0.64;
45200, 0.17 0.64;
45250, 0.16 0.65;
45300, 0.16 0.65;
45350, 0.17 0.63;
45400, 0.17 0.63;
45450, 0.16 0.64;
45500, 0.17 0.63;
45550, 0.17 0.63;
45600, 0.16 0.65;
45650, 0.16 0.65;
45700, 0.17 0.64;
45750, 0.17 0.64;
45800, 0.16 0.65;
45850, 0.16 0.65;
45900, 0.16 0.64;
45950, 0.16 0.64;
46000, 0.16 0.65;
46050, 0.16 0.65;
46100, 0.16 0.64;
46150, 0.16 0.65;
46200, 0.16 0.65;
46250, 0.16 0.64;
46300, 0.16 0.64;
46350, 0.16 0.65;
46400, 0.16 0.65;
46450, 0.16 0.64;
46500, 0.16 0.64;
46550, 0.16 0.64;
46600, 0.16 0.64;
46650, 0.16 0.63;
46700, 0.16 0.63;
46750, 0.16 0.63;
46800, 0.16 0.63;
46850, 0.16 0.63;
46900, 0.16 0.63;
46950, 0.16 0.63;
47000, 0.16 0.63;
47050, 0.16 0.63;
47100, 0.16 0.63;
47150, 0.16 0.63;
47200, 0.16 0.63;
47250, 0.16 0.63;
47300, 0.16 0.63;
47350, 0.16 0.63;
47400, 0.16 0.63;
47450, 0.16 0.63;
47500, 0.16 0.63;
47550, 0.16 0.64;
47600, 0.16 0.64;
47650, 0.16 0.63;
47700, 0.16 0.63;
47750, 0.16 0.64;
47800, 0.16 0.64;
47850, 0.16 0.63;
47900, 0.16 0.63;
47950, 0.16 0.63;
48000, 0.16 0.63;
48050, 0.16 0.63;
48100, 0.16 0.63;
48150, 0.16 0.63;
48200, 0.16 0.63;
48250, 0.16 0.63;
48300, 0.16 0.63;
48350, 0.16 0.63;
48400, 0.16 0.63;
48450, 0.16 0.63;
48500, 0.16 0.63;
48550, 0.16 0.63;
48600, 0.16 0.62;
48650, 0.16 0.62;
48700, 0.16 0.62;
48750, 0.16 0.61;
48800, 0.16 0.61;
48850, 0.16 0.61;
48900, 0.16 0.61;
48950, 0.15 0.58;
49000, 0.15 0.58;
49050, 0.15 0.58;
49100, 0.15 0.58;
49150, 0.15 0.57;
49200, 0.15 0.57;
49250, 0.15 0.59;
49300, 0.15 0.59;
49350, 0.16 0.61;
49400, 0.16 0.62;
49450, 0.16 0.62;
49500, 0.16 0.62;
49550, 0.16 0.62;
49600, 0.16 0.62;
49650, 0.16 0.62;
49700, 0.16 0.63;
49750, 0.16 0.63;
49800, 0.16 0.63;
49850, 0.16 0.63;
49900, 0.16 0.63;
49950, 0.16 0.63;
50000, 0.16 0.62;
50050, 0.16 0.62;
50100, 0.16 0.62;
50150, 0.16 0.62;
50200, 0.16 0.62;
50250, 0.15 0.61;
50300, 0.15 0.61;
50350, 0.15 0.6;
50400, 0.15 0.6;
50450, 0.15 0.6;
50500, 0.15 0.6;
50550, 0.15 0.6;
50600, 0.15 0.6;
50650, 0.16 0.61;
50700, 0.16 0.61;
50750, 0.16 0.61;
50800, 0.16 0.62;
50850, 0.16 0.62;
50900, 0.16 0.62;
50950, 0.16 0.62;
51000, 0.16 0.63;
51050, 0.16 0.63;
51100, 0.16 0.62;
51150, 0.16 0.62;
51200, 0.16 0.63;
51250, 0.16 0.63;
51300, 0.16 0.63;
51350, 0.16 0.63;
51400, 0.16 0.63;
51450, 0.16 0.63;
51500, 0.16 0.63;
51550, 0.16 0.63;
51600, 0.16 0.63;
51650, 0.16 0.63;
51700, 0.16 0.63;
51750, 0.16 0.63;
51800, 0.16 0.63;
51850, 0.16 0.62;
51900, 0.16 0.62;
51950, 0.16 0.59;
52000, 0.17 0.5;
52050, 0.17 0.5;
52100, 0. 0.46;
52150, 0. 0.46;
52200, 0.25 0.55;
52250, 0.25 0.55;
52300, 0.26 0.58;
52350, 0.26 0.58;
52400, 0.26 0.6;
52450, 0.26 0.6;
52500, 0.26 0.61;
52550, 0.26 0.61;
52600, 0.26 0.61;
52650, 0.26 0.61;
52700, 0.26 0.61;
52750, 0.26 0.61;
52800, 0.26 0.61;
52850, 0.26 0.61;
52900, 0.26 0.61;
52950, 0.26 0.61;
53000, 0.26 0.61;
53050, 0.26 0.59;
53100, 0.26 0.59;
53150, 0.26 0.6;
53200, 0.26 0.6;
53250, 0.26 0.58;
53300, 0.26 0.62;
53350, 0.26 0.62;
53400, 0.26 0.59;
53450, 0.26 0.59;
53500, 0.26 0.6;
53550, 0.26 0.6;
53600, 0.26 0.62;
53650, 0.26 0.62;
53700, 0.26 0.61;
53750, 0.26 0.61;
53800, 0.26 0.59;
53850, 0.26 0.59;
53900, 0.26 0.59;
53950, 0.26 0.59;
54000, 0.26 0.59;
54050, 0.25 0.63;
54100, 0.25 0.63;
54150, 0.26 0.6;
54200, 0.26 0.6;
54250, 0.25 0.61;
54300, 0.25 0.61;
54350, 0.25 0.62;
54400, 0.25 0.62;
54450, 0.25 0.62;
54500, 0.25 0.62;
54550, 0.25 0.62;
54600, 0.25 0.62;
54650, 0.25 0.62;
54700, 0.25 0.62;
54750, 0.25 0.62;
54800, 0.25 0.61;
54850, 0.25 0.61;
54900, 0.25 0.62;
54950, 0.25 0.62;
55000, 0.25 0.62;
55050, 0.25 0.62;
55100, 0.25 0.61;
55150, 0.25 0.61;
55200, 0.25 0.61;
55250, 0.25 0.62;
55300, 0.25 0.62;
55350, 0.25 0.61;
55400, 0.25 0.61;
55450, 0.25 0.61;
55500, 0.25 0.61;
55550, 0.25 0.62;
55600, 0.25 0.62;
55650, 0.25 0.62;
55700, 0.25 0.62;
55750, 0.25 0.62;
55800, 0.25 0.62;
55850, 0.25 0.62;
55900, 0.26 0.62;
55950, 0.26 0.62;
56000, 0.25 0.62;
56050, 0.25 0.62;
56100, 0.26 0.6;
56150, 0.26 0.6;
56200, 0.25 0.6;
56250, 0.25 0.6;
56300, 0.26 0.58;
56350, 0.26 0.58;
56400, 0.22 0.59;
56450, 0.22 0.59;
56500, 0.17 0.59;
56550, 0.2 0.57;
56600, 0.2 0.57;
56650, 0.19 0.57;
56700, 0.19 0.57;
56750, 0.2 0.6;
56800, 0.2 0.6;
56850, 0.2 0.62;
56900, 0.2 0.62;
56950, 0.2 0.64;
57000, 0.2 0.64;
57050, 0.2 0.64;
57100, 0.2 0.64;
57150, 0.2 0.64;
57200, 0.2 0.64;
57250, 0.2 0.64;
57300, 0.21 0.64;
57350, 0.21 0.64;
57400, 0.21 0.64;
57450, 0.21 0.64;
57500, 0.21 0.63;
57550, 0.21 0.63;
57600, 0.21 0.63;
57650, 0.21 0.63;
57700, 0.21 0.63;
57750, 0.21 0.63;
57800, 0.21 0.63;
57850, 0.21 0.62;
57900, 0.21 0.62;
57950, 0.21 0.63;
58000, 0.21 0.63;
58050, 0.21 0.64;
58100, 0.21 0.64;
58150, 0.2 0.64;
58200, 0.2 0.64;
58250, 0.21 0.64;
58300, 0.21 0.64;
58350, 0.2 0.65;
58400, 0.2 0.65;
58450, 0.2 0.64;
58500, 0.2 0.64;
58550, 0.2 0.64;
58600, 0.2 0.65;
58650, 0.2 0.65;
58700, 0.2 0.64;
58750, 0.2 0.64;
58800, 0.2 0.64;
58850, 0.2 0.64;
58900, 0.2 0.64;
58950, 0.2 0.64;
59000, 0.2 0.64;
59050, 0.2 0.64;
59100, 0.2 0.65;
59150, 0.2 0.65;
59200, 0.2 0.65;
59250, 0.2 0.64;
59300, 0.2 0.64;
59350, 0.2 0.64;
59400, 0.2 0.64;
59450, 0.2 0.64;
59500, 0.2 0.64;
59550, 0.2 0.64;
59600, 0.2 0.64;
59650, 0.2 0.64;
59700, 0.2 0.64;
59750, 0.2 0.64;
59800, 0.2 0.63;
59850, 0.2 0.63;
59900, 0.2 0.58;
59950, 0.2 0.58;
60000, 0.19 0.55;
60050, 0.19 0.55;
60100, 0.16 0.5;
60150, 0.16 0.5;
60200, 0. 0.39;
60250, 0. 0.39;
60300, 0. 0.2;
60350, 0. 0.2;
60400, 0. 0.2;
60450, 0. 0.17;
60500, 0. 0.17;
60550, 0.27 0.51;
60600, 0.27 0.51;
60650, 0.27 0.59;
60700, 0.27 0.59;
60750, 0.27 0.61;
60800, 0.27 0.61;
60850, 0.28 0.62;
60900, 0.28 0.62;
60950, 0.28 0.63;
61000, 0.28 0.63;
61050, 0.28 0.61;
61100, 0.29 0.6;
61150, 0.29 0.6;
61200, 0.29 0.59;
61250, 0.29 0.59;
61300, 0.29 0.58;
61350, 0.29 0.58;
61400, 0.3 0.61;
61450, 0.3 0.61;
61500, 0.3 0.6;
61550, 0.3 0.6;
61600, 0.3 0.61;
61650, 0.3 0.61;
61700, 0.3 0.6;
61750, 0.3 0.6;
61800, 0.3 0.6;
61850, 0.31 0.6;
61900, 0.31 0.6;
61950, 0.3 0.59;
62000, 0.3 0.59;
62050, 0.31 0.6;
62100, 0.31 0.6;
62150, 0.3 0.6;
62200, 0.3 0.6;
62250, 0.31 0.6;
62300, 0.31 0.6;
62350, 0.3 0.6;
62400, 0.31 0.6;
62450, 0.31 0.6;
62500, 0.3 0.6;
62550, 0.3 0.6;
62600, 0.3 0.61;
62650, 0.3 0.61;
62700, 0.3 0.58;
62750, 0.3 0.58;
62800, 0.3 0.61;
62850, 0.3 0.61;
62900, 0.3 0.58;
62950, 0.3 0.58;
63000, 0.3 0.61;
63050, 0.3 0.59;
63100, 0.3 0.59;
63150, 0.31 0.6;
63200, 0.31 0.6;
63250, 0.3 0.6;
63300, 0.3 0.6;
63350, 0.3 0.6;
63400, 0.3 0.6;
63450, 0.3 0.57;
63500, 0.3 0.57;
63550, 0.3 0.6;
63600, 0.3 0.6;
63650, 0.3 0.58;
63700, 0.3 0.6;
63750, 0.3 0.6;
63800, 0.29 0.57;
63850, 0.29 0.57;
63900, 0.3 0.6;
63950, 0.3 0.6;
64000, 0.3 0.58;
64050, 0.3 0.58;
64100, 0.3 0.58;
64150, 0.3 0.58;
64200, 0. 0.49;
64250, 0. 0.49;
64300, 0.29 0.37;
64350, 0. 0.25;
64400, 0. 0.25;
64450, 0. 0.19;
64500, 0. 0.19;
64550, 0. 0.15;
64600, 0. 0.15;
64650, 0. 0.15;
64700, 0. 0.15;
64750, 0. 0.15;
64800, 0. 0.15;
64850, 0. 0.15;
64900, 0. 0.15;
64950, 0. 0.15;
65000, 0. 0.15;
65050, 0. 0.15;
65100, 0. 0.14;
65150, 0. 0.14;
65200, 0. 0.15;
65250, 0. 0.15;
65300, 0. 0.14;
65350, 0. 0.14;
65400, 0. 0.14;
65450, 0. 0.14;
65500, 0. 0.15;
65550, 0. 0.15;
65600, 0. 0.15;
65650, 0. 0.15;
65700, 0. 0.15;
65750, 0. 0.14;
65800, 0. 0.14;
65850, 0. 0.14;
65900, 0. 0.14;
65950, 0. 0.15;
66000, 0. 0.15;
66050, 0. 0.15;
66100, 0. 0.15;
66150, 0. 0.15;
66200, 0. 0.15;
66250, 0. 0.15;
66300, 0.29 0.16;
66350, 0.29 0.16;
66400, 0.29 0.52;
66450, 0.29 0.52;
66500, 0.3 0.6;
66550, 0.3 0.6;
66600, 0.31 0.61;
66650, 0.31 0.61;
66700, 0.31 0.62;
66750, 0.31 0.62;
66800, 0.31 0.62;
66850, 0.31 0.62;
66900, 0.31 0.62;
66950, 0.32 0.61;
67000, 0.32 0.61;
67050, 0.32 0.57;
67100, 0.32 0.57;
67150, 0.32 0.56;
67200, 0.32 0.56;
67250, 0.32 0.54;
67300, 0.32 0.54;
67350, 0.32 0.55;
67400, 0.32 0.55;
67450, 0.32 0.57;
67500, 0.32 0.57;
67550, 0.32 0.6;
67600, 0.32 0.62;
67650, 0.32 0.62;
67700, 0.33 0.64;
67750, 0.33 0.64;
67800, 0.33 0.64;
67850, 0.33 0.64;
67900, 0.33 0.65;
67950, 0.33 0.65;
68000, 0.33 0.65;
68050, 0.33 0.65;
68100, 0.33 0.65;
68150, 0.33 0.65;
68200, 0.33 0.64;
68250, 0.33 0.64;
68300, 0.33 0.64;
68350, 0.33 0.64;
68400, 0.33 0.64;
68450, 0.34 0.64;
68500, 0.34 0.64;
68550, 0.34 0.64;
68600, 0.34 0.64;
68650, 0.34 0.64;
68700, 0.34 0.64;
68750, 0.34 0.64;
68800, 0.34 0.64;
68850, 0.34 0.66;
68900, 0.34 0.66;
68950, 0.34 0.66;
69000, 0.33 0.64;
69050, 0.33 0.64;
69100, 0.34 0.66;
69150, 0.34 0.66;
69200, 0.33 0.66;
69250, 0.33 0.66;
69300, 0.34 0.65;
69350, 0.34 0.65;
69400, 0.33 0.66;
69450, 0.33 0.66;
69500, 0.34 0.66;
69550, 0.33 0.64;
69600, 0.33 0.64;
69650, 0.34 0.66;
69700, 0.34 0.66;
69750, 0.33 0.63;
69800, 0.33 0.63;
69850, 0.34 0.66;
69900, 0.34 0.66;
69950, 0.33 0.63;
70000, 0.33 0.63;
70050, 0.34 0.63;
70100, 0.34 0.63;
70150, 0.34 0.66;
70200, 0.34 0.65;
70250, 0.34 0.65;
70300, 0.34 0.66;
70350, 0.34 0.66;
70400, 0.35 0.65;
70450, 0.35 0.65;
70500, 0.34 0.66;
70550, 0.34 0.66;
70600, 0.35 0.64;
70650, 0.35 0.64;
70700, 0.34 0.65;
70750, 0.34 0.65;
70800, 0.35 0.64;
70850, 0.34 0.66;
70900, 0.34 0.66;
70950, 0.35 0.64;
71000, 0.35 0.64;
71050, 0.34 0.66;
71100, 0.34 0.66;
71150, 0.34 0.64;
71200, 0.34 0.64;
71250, 0.34 0.64;
71300, 0.34 0.64;
71350, 0.34 0.65;
71400, 0.34 0.65;
71450, 0.34 0.64;
71500, 0.34 0.65;
71550, 0.34 0.65;
71600, 0.34 0.65;
71650, 0.34 0.65;
71700, 0.34 0.66;
71750, 0.34 0.66;
71800, 0.34 0.63;
71850, 0.34 0.63;
71900, 0.33 0.65;
71950, 0.33 0.65;
72000, 0.27 0.63;
72050, 0.27 0.63;
72100, 0.26 0.59;
72150, 0.28 0.53;
72200, 0.28 0.53;
72250, 0.28 0.48;
72300, 0.28 0.48;
72350, 0.29 0.48;
72400, 0.29 0.48;
72450, 0.3 0.55;
72500, 0.3 0.55;
72550, 0.3 0.59;
72600, 0.3 0.59;
72650, 0.31 0.61;
72700, 0.31 0.61;
72750, 0.31 0.62;
72800, 0.31 0.62;
72850, 0.31 0.62;
72900, 0.32 0.58;
72950, 0.32 0.58;
73000, 0.32 0.62;
73050, 0.32 0.62;
73100, 0.33 0.64;
73150, 0.33 0.64;
73200, 0.33 0.64;
73250, 0.33 0.64;
73300, 0.33 0.64;
73350, 0.33 0.64;
73400, 0.33 0.64;
73450, 0.33 0.64;
73500, 0.34 0.66;
73550, 0.34 0.65;
73600, 0.34 0.65;
73650, 0.34 0.62;
73700, 0.34 0.62;
73750, 0.34 0.65;
73800, 0.34 0.65;
73850, 0.34 0.62;
73900, 0.34 0.62;
73950, 0.34 0.65;
74000, 0.34 0.65;
74050, 0.35 0.64;
74100, 0.35 0.64;
74150, 0.34 0.66;
74200, 0.35 0.64;
74250, 0.35 0.64;
74300, 0.34 0.66;
74350, 0.34 0.66;
74400, 0.35 0.62;
74450, 0.35 0.62;
74500, 0.34 0.66;
74550, 0.34 0.66;
74600, 0.34 0.64;
74650, 0.34 0.64;
74700, 0.34 0.64;
74750, 0.34 0.64;
74800, 0.35 0.62;
74850, 0.35 0.65;
74900, 0.35 0.65;
74950, 0.34 0.63;
75000, 0.34 0.63;
75050, 0.34 0.57;
75100, 0.34 0.57;
75150, 0. 0.46;
75200, 0. 0.46;
75250, 0. 0.4;
75300, 0. 0.4;
75350, 0.23 0.53;
75400, 0.23 0.53;
75450, 0.24 0.6;
75500, 0.25 0.61;
75550, 0.25 0.61;
75600, 0.26 0.61;
75650, 0.26 0.61;
75700, 0.26 0.59;
75750, 0.26 0.59;
75800, 0.26 0.62;
75850, 0.26 0.62;
75900, 0.27 0.63;
75950, 0.27 0.63;
76000, 0.27 0.64;
76050, 0.27 0.64;
76100, 0.27 0.64;
76150, 0.27 0.63;
76200, 0.27 0.63;
76250, 0.27 0.63;
76300, 0.27 0.63;
76350, 0.27 0.62;
76400, 0.27 0.62;
76450, 0.27 0.63;
76500, 0.27 0.63;
76550, 0.26 0.61;
76600, 0.26 0.61;
76650, 0.25 0.63;
76700, 0.25 0.63;
76750, 0.26 0.62;
76800, 0.25 0.63;
76850, 0.25 0.63;
76900, 0.26 0.6;
76950, 0.26 0.6;
77000, 0.25 0.62;
77050, 0.25 0.62;
77100, 0.26 0.6;
77150, 0.26 0.6;
77200, 0.25 0.61;
77250, 0.25 0.61;
77300, 0.25 0.62;
77350, 0.25 0.62;
77400, 0.26 0.6;
77450, 0.25 0.62;
77500, 0.25 0.62;
77550, 0.26 0.6;
77600, 0.26 0.6;
77650, 0.26 0.59;
77700, 0.26 0.59;
77750, 0.25 0.59;
77800, 0.25 0.59;
77850, 0. 0.55;
77900, 0. 0.55;
77950, 0.23 0.62;
78000, 0.23 0.62;
78050, 0.23 0.63;
78100, 0.24 0.61;
78150, 0.24 0.61;
78200, 0.24 0.62;
78250, 0.24 0.62;
78300, 0.24 0.62;
78350, 0.24 0.62;
78400, 0.24 0.62;
78450, 0.24 0.62;
78500, 0.24 0.63;
78550, 0.24 0.63;
78600, 0.24 0.64;
78650, 0.24 0.64;
78700, 0.24 0.63;
78750, 0.24 0.63;
78800, 0.24 0.63;
78850, 0.25 0.62;
78900, 0.25 0.62;
78950, 0.24 0.63;
79000, 0.24 0.63;
79050, 0.24 0.63;
79100, 0.24 0.63;
79150, 0.23 0.61;
79200, 0.23 0.61;
79250, 0.23 0.62;
79300, 0.23 0.62;
79350, 0.23 0.64;
79400, 0.23 0.64;
79450, 0.23 0.64;
79500, 0.24 0.63;
79550, 0.24 0.63;
79600, 0.23 0.65;
79650, 0.23 0.65;
79700, 0.24 0.62;
79750, 0.24 0.62;
79800, 0.24 0.62;
79850, 0.24 0.62;
79900, 0.23 0.62;
79950, 0.23 0.62;
80000, 0.24 0.61;
80050, 0.23 0.65;
80100, 0.23 0.65;
80150, 0.24 0.63;
80200, 0.24 0.63;
80250, 0.24 0.6;
80300, 0.24 0.6;
80350, 0.23 0.52;
80400, 0.23 0.52;
80450, 0.23 0.45;
80500, 0.23 0.45;
80550, 0.1 0.3;
80600, 0.1 0.3;
80650, 0.18 0.35;
80700, 0.19 0.52;
80750, 0.19 0.52;
80800, 0.19 0.58;
80850, 0.19 0.58;
80900, 0.19 0.61;
80950, 0.19 0.61;
81000, 0.19 0.61;
81050, 0.19 0.61;
81100, 0.19 0.62;
81150, 0.19 0.62;
81200, 0.19 0.61;
81250, 0.19 0.61;
81300, 0.2 0.62;
81350, 0.19 0.62;
81400, 0.19 0.62;
81450, 0.2 0.62;
81500, 0.2 0.62;
81550, 0.2 0.61;
81600, 0.2 0.61;
81650, 0.2 0.62;
81700, 0.2 0.62;
81750, 0.19 0.61;
81800, 0.19 0.61;
81850, 0.2 0.62;
81900, 0.2 0.62;
81950, 0.19 0.61;
82000, 0.2 0.62;
82050, 0.2 0.62;
82100, 0.19 0.61;
82150, 0.19 0.61;
82200, 0.2 0.63;
82250, 0.2 0.63;
82300, 0.2 0.61;
82350, 0.2 0.61;
82400, 0.2 0.63;
82450, 0.2 0.63;
82500, 0.19 0.62;
82550, 0.19 0.62;
82600, 0.19 0.62;
82650, 0.18 0.57;
82700, 0.18 0.57;
82750, 0. 0.43;
82800, 0. 0.43;
82850, 0. 0.32;
82900, 0. 0.32;
82950, 0. 0.25;
83000, 0. 0.25;
83050, 0. 0.17;
83100, 0. 0.17;
83150, 0. 0.15;
83200, 0. 0.15;
83250, 0. 0.15;
83300, 0. 0.15;
83350, 0. 0.15;
83400, 0. 0.15;
83450, 0. 0.15;
83500, 0. 0.14;
83550, 0. 0.14;
83600, 0. 0.15;
83650, 0. 0.15;
83700, 0. 0.15;
83750, 0. 0.15;
83800, 0. 0.14;
83850, 0. 0.14;
83900, 0. 0.15;
83950, 0. 0.15;
84000, 0. 0.15;
84050, 0. 0.15;
84100, 0. 0.15;
84150, 0. 0.14;
84200, 0. 0.14;
84250, 0. 0.14;
84300, 0. 0.14;
84350, 0. 0.14;
84400, 0. 0.14;
84450, 0. 0.15;
84500, 0. 0.15;
84550, 0. 0.14;
84600, 0. 0.15;
84650, 0. 0.15;
84700, 0. 0.15;
84750, 0. 0.15;
84800, 0. 0.15;
84850, 0. 0.15;
84900, 0. 0.14;
84950, 0. 0.14;
85000, 0. 0.14;
85050, 0. 0.14;
85100, 0. 0.14;
85150, 0. 0.14;
85200, 0. 0.14;
85250, 0. 0.;
